robo1_q0,robo1_q1,robo2_q0,robo2_q1
-2,-0.6,1.2,-0.6
-1.01263,-1.48221,0.011946,0.858068
-1.46025,-1.19708,-0.35538,1.00822
-2.15588,-0.49821,-0.134063,0.411828
-2.17784,-0.452232,0.289887,0.00409539
-2.48093,0.000596324,0.540395,-0.292561
-2.78319,0.5,0.9,-0.8
-2,-0.6,1.2,-0.6
-1.01263,-1.48221,0.011946,0.858068
-1.46025,-1.19708,-0.242018,0.963051
-2.15588,-0.49821,-0.134063,0.411828
-2.17784,-0.452232,0.289887,0.00409539
-2.48093,0.000596324,0.540395,-0.292561
-2.78319,0.5,0.9,-0.8
-2,-0.6,1.2,-0.6
-1.01263,-1.48221,0.011946,0.858068
-1.46025,-1.19708,-0.35538,1.00822
-2.15588,-0.49821,-0.134063,0.411828
-2.17784,-0.452232,0.289887,0.00409539
-2.48093,0.000596324,0.540395,-0.292561
-2.78319,0.5,0.9,-0.8
-2,-0.6,1.2,-0.6
-3.37919,1.6762,0.011946,0.858068
-3.96653,2.11972,-0.242018,0.963051
-3.47973,1.86213,-0.134063,0.411828
-3.52123,1.84336,0.289887,0.00409539
-3.26747,1.42008,0.540395,-0.292561
-2.78319,0.5,0.9,-0.8
-2,-0.6,1.2,-0.6
-3.37919,1.6762,0.011946,0.858068
-3.96653,2.11972,-0.242018,0.963051
-3.47973,1.86213,-0.134063,0.411828
-3.52123,1.84336,0.335135,-0.00834547
-3.26747,1.42008,0.540395,-0.292561
-2.78319,0.5,0.9,-0.8
-2,-0.6,1.2,-0.6
-3.3053,1.67101,0.011946,0.858068
-3.57814,1.93479,-0.35538,1.00822
-3.99019,2.31697,-0.134063,0.411828
-3.74809,1.94278,0.289887,0.00409539
-3.40301,1.4314,0.540395,-0.292561
-2.78319,0.5,0.9,-0.8
-2,-0.6,1.2,-0.6
-3.3053,1.67101,0.011946,0.858068
-3.57814,1.93479,-0.242018,0.963051
-3.99019,2.31697,-0.134063,0.411828
-3.74809,1.94278,0.335135,-0.00834547
-3.40301,1.4314,0.540395,-0.292561
-2.78319,0.5,0.9,-0.8
-2,-0.6,1.2,-0.6
-3.3053,1.67101,0.011946,0.858068
-3.57814,1.93479,-0.242018,0.963051
-3.99019,2.31697,-0.134063,0.411828
-3.74809,1.94278,0.0461715,0.305101
-3.40301,1.4314,0.72274,-0.497195
-2.78319,0.5,0.9,-0.8
-2,-0.6,1.2,-0.6
-3.3053,1.67101,0.011946,0.858068
-3.57814,1.93479,-0.242018,0.963051
-3.99019,2.31697,-0.134063,0.411828
-3.74809,1.94278,0.0461715,0.305101
-3.40301,1.4314,0.72274,-0.497195
-2.78319,0.5,0.9,-0.8
-2,-0.6,1.2,-0.6
-3.3053,1.67101,0.011946,0.858068
-3.57814,1.93479,-0.242018,0.963051
-3.99019,2.31697,-0.134063,0.411828
-3.74809,1.94278,0.335135,-0.00834547
-3.40301,1.4314,0.540395,-0.292561
-2.78319,0.5,0.9,-0.8
-2,-0.6,1.2,-0.6
-2.75829,0.821083,1.74808,-0.996517
-3.78648,2.14436,1.31896,-1.1519
-3.94358,2.31146,1.3589,-1.20012
-3.81029,1.97748,1.32773,-1.19966
-3.16427,1.00667,1.2517,-1.14084
-2.78319,0.5,0.9,-0.8
-2,-0.6,1.2,-0.6
-3.37919,1.6762,2.0328,-1.51892
-3.7862,2.15088,1.46917,-1.20165
-4.04203,2.41726,1.62946,-1.86687
-3.18791,1.49796,0.882252,-0.793813
-3.04411,1.14645,0.939145,-0.86053
-2.78319,0.5,0.9,-0.8
-2,-0.6,1.2,-0.6
-3.37919,1.6762,2.0328,-1.51892
-3.7862,2.15088,1.46917,-1.20165
-4.04203,2.41726,1.62946,-1.86687
-3.18791,1.49796,0.882252,-0.793813
-3.04411,1.14645,0.939145,-0.86053
-2.78319,0.5,0.9,-0.8
-2,-0.6,1.2,-0.6
-3.37919,1.6762,2.14667,-1.18049
-3.7862,2.15088,1.65489,-1.4171
-3.72577,2.617,1.2517,-1.14084
-3.50402,2.02034,1.07794,-1.03612
-3.48616,1.57877,0.988968,-0.918061
-2.78319,0.5,0.9,-0.8
-2,-0.6,1.2,-0.6
-3.37919,1.6762,2.14667,-1.18049
-3.7862,2.15088,1.65489,-1.4171
-3.72577,2.617,1.2517,-1.14084
-3.50402,2.02034,1.07794,-1.03612
-3.48616,1.57877,0.988968,-0.918061
-2.78319,0.5,0.9,-0.8
-2,-0.6,1.2,-0.6
-3.37919,1.6762,2.04033,-0.897425
-3.95129,2.17752,1.3517,-1.07417
-3.26281,1.51549,1.3589,-1.20012
-3.25798,1.63648,1.2517,-1.14084
-3.54343,1.96011,1.07585,-0.97042
-2.78319,0.5,0.9,-0.8
-2,-0.6,1.2,-0.6
-0.779866,-1.49524,0.960755,-0.946629
-0.916144,-1.5097,0.563674,-1.51484
-1.85413,-0.538636,0.536202,-1.5389
-2.55285,0.280923,0.59014,-1.4379
-3.03156,0.899041,0.660034,-1.30428
-2.78319,0.5,0.9,-0.8
-2,-0.6,1.2,-0.6
-3.28968,1.78098,2.04033,-0.897425
-3.7862,2.15088,1.49655,-0.962037
-3.26281,1.51549,1.3589,-1.20012
-3.54343,1.96011,1.2517,-1.14084
-3.95152,2.2895,0.998648,-0.754844
-2.78319,0.5,0.9,-0.8
-2,-0.6,1.2,-0.6
-0.443499,-2.83254,2.04033,-0.897425
1.5186,-3.36077,1.49655,-0.962037
1.86891,-3.53672,1.3589,-1.20012
2.0516,-3.70085,1.2517,-1.14084
2.51136,-4.15932,0.998648,-0.754844
3.5,-5.78319,0.9,-0.8
-2,-0.6,1.2,-0.6
-0.448219,-2.88448,2.2361,-1.61476
1.5186,-3.36077,1.13792,-1.15826
1.86891,-3.53672,0.990824,-0.944421
2.0516,-3.70085,0.869764,-1.102
2.51136,-4.15932,0.818908,-1.37192
3.5,-5.78319,0.9,-0.8
-2,-0.6,1.2,-0.6
-0.448219,-2.88448,0.489157,0.819505
1.5186,-3.36077,0.762966,0.115304
1.86891,-3.53672,0.478736,0.474085
2.0516,-3.70085,0.473351,0.788413
2.51136,-4.15932,0.581985,0.477045
3.5,-5.78319,0.9,-0.8
-2,-0.6,1.2,-0.6
-0.448219,-2.88448,1.04223,-0.0244345
1.5186,-3.36077,0.844135,0.493877
1.86891,-3.53672,0.133268,1.48114
2.0516,-3.70085,0.478736,0.474085
2.51136,-4.15932,0.29311,0.950577
3.5,-5.78319,0.9,-0.8
-2,-0.6,1.2,-0.6
-0.282128,-2.80779,0.689929,0.223002
1.57048,-3.26102,0.111986,1.61118
2.0516,-3.70085,0.25445,-0.470272
2.51136,-4.15932,0.358559,-0.499287
2.99221,-4.92099,0.746038,-0.668018
3.5,-5.78319,0.9,-0.8
-2,-0.6,1.2,-0.6
-0.282128,-2.80779,1.08939,-0.587459
1.57048,-3.26102,0.742733,0.130323
2.0516,-3.70085,0.613337,0.290537
2.51136,-4.15932,0.664971,-0.173089
2.99221,-4.92099,0.981657,-0.801796
3.5,-5.78319,0.9,-0.8
-2,-0.6,1.2,-0.6
-0.282128,-2.80779,2.25639,-2.30662
1.45388,-3.25838,1.73834,-1.80329
1.86891,-3.53672,1.62946,-1.86687
2.0516,-3.70085,0.882252,-0.793813
2.51136,-4.15932,0.939145,-0.86053
3.5,-5.78319,0.9,-0.8
-2,-0.6,1.2,-0.6
-0.282128,-2.80779,1.1526,-0.69105
1.45388,-3.25838,1.10417,-0.789052
1.86891,-3.53672,1.01667,-0.922484
2.0516,-3.70085,1.08731,-0.941223
2.51136,-4.15932,0.954168,-0.889052
3.5,-5.78319,0.9,-0.8
-2,-0.6,1.2,-0.6
-0.282128,-2.80779,1.03271,-0.345373
1.45388,-3.25838,0.779145,-0.070244
1.86891,-3.53672,0.46814,0.426491
2.0516,-3.70085,0.24905,1.66835
2.51136,-4.15932,0.538733,0.325359
3.5,-5.78319,0.9,-0.8
-2,-0.6,1.2,-0.6
-0.282128,-2.80779,1.10496,-0.412205
1.57048,-3.26102,0.946189,-0.1294
1.95669,-3.66659,0.974038,-0.493867
2.51136,-4.15932,1.12926,-0.557792
2.99221,-4.92099,0.855782,-0.72996
3.5,-5.78319,0.9,-0.8
-2,-0.6,1.2,-0.6
-0.282128,-2.80779,0.658932,0.449533
1.57048,-3.26102,0.51328,0.713047
1.95669,-3.66659,-0.242018,0.963051
2.51136,-4.15932,-0.134063,0.411828
2.99221,-4.92099,0.0536976,0.388613
3.5,-5.78319,0.9,-0.8
-2,-0.6,1.2,-0.6
-0.282128,-2.80779,2.01014,-2.01707
1.57048,-3.26102,1.68582,-1.89438
1.95669,-3.66659,1.08672,-1.17393
2.51136,-4.15932,0.912113,-0.803561
2.99221,-4.92099,0.921098,-0.836485
3.5,-5.78319,0.9,-0.8
-2,-0.6,1.2,-0.6
-0.334597,-2.74639,0.689929,0.223002
1.45388,-3.25838,0.111986,1.61118
1.86891,-3.53672,0.25445,-0.470272
2.0516,-3.70085,0.358559,-0.499287
3.00052,-4.91411,0.746038,-0.668018
3.5,-5.78319,0.9,-0.8
-2,-0.6,1.2,-0.6
-0.334597,-2.74639,0.695365,0.148926
1.45388,-3.25838,0.478736,0.474085
1.86891,-3.53672,0.849105,0.0451439
2.0516,-3.70085,0.632877,-0.138488
3.00052,-4.91411,0.719287,-0.445345
3.5,-5.78319,0.9,-0.8
-2,-0.6,1.2,-0.6
-0.282128,-2.80779,0.949207,-0.223822
1.72079,-3.27891,0.689929,0.223002
1.86891,-3.53672,0.139143,0.664865
2.84208,-4.67391,0.381713,-0.592708
3.24268,-5.33433,0.659674,-0.63804
3.5,-5.78319,0.9,-0.8
-2,-0.6,1.2,-0.6
-0.282128,-2.80779,1.08939,-0.587459
1.57048,-3.26102,0.742733,0.130323
2.0516,-3.70085,0.613337,0.290537
2.64249,-4.10129,0.664971,-0.173089
3.04204,-4.93878,0.981657,-0.801796
3.5,-5.78319,0.9,-0.8
-2,-0.6,1.2,-0.6
-1.14624,-1.80732,1.17467,-0.676692
-0.282128,-2.80779,1.06826,-0.919178
1.72814,-3.40114,0.976633,-0.996731
1.85477,-3.54445,0.93359,-0.85158
2.47879,-4.1142,0.907232,-0.806841
3.5,-5.78319,0.9,-0.8
-2,-0.6,1.2,-0.6
-1.14624,-1.80732,1.13947,-0.766279
-0.282128,-2.80779,0.952012,-0.969071
1.72814,-3.40114,0.93359,-0.85158
1.85477,-3.54445,0.907232,-0.806841
2.47879,-4.1142,0.900545,-0.797335
3.5,-5.78319,0.9,-0.8
-2,-0.6,1.2,-0.6
-1.35107,-1.51726,0.288527,1.12494
-0.0435446,-2.93328,0.127557,1.15119
1.8925,-3.35939,0.370161,0.844499
2.0516,-3.70085,0.441848,0.601877
2.51136,-4.15932,0.871756,-0.565713
3.5,-5.78319,0.9,-0.8
-2,-0.6,1.2,-0.6
-0.282128,-2.80779,1.0688,-0.387545
1.49326,-3.31259,0.695365,0.148926
1.86768,-3.58377,0.294387,0.45184
2.05227,-3.66925,0.11713,1.47785
2.84208,-4.67391,0.632877,-0.138488
3.5,-5.78319,0.9,-0.8
-2,-0.6,1.2,-0.6
-1.40349,-1.3948,0.949207,-0.223822
-0.17575,-2.81719,0.689929,0.223002
1.5186,-3.36077,0.139143,0.664865
2.0516,-3.70085,0.381713,-0.592708
2.51136,-4.15932,0.659674,-0.63804
3.5,-5.78319,0.9,-0.8
-2,-0.6,1.2,-0.6
-1.40349,-1.3948,2.01014,-2.01707
-0.17575,-2.81719,2.28694,-2.45525
1.5186,-3.36077,2.30618,-2.53337
2.0516,-3.70085,0.860963,-0.769854
2.51136,-4.15932,0.739025,-0.694394
3.5,-5.78319,0.9,-0.8
-2,-0.6,1.2,-0.6
-1.19265,-1.60322,1.10288,-0.499547
-0.0435446,-2.93328,0.913087,-0.320158
1.58634,-3.20994,0.711315,-0.207217
2.0516,-3.70085,0.708431,-0.374337
2.51136,-4.15932,0.804215,-0.587169
3.5,-5.78319,0.9,-0.8
-2,-0.6,1.2,-0.6
-1.19265,-1.60322,0.426209,0.953507
-0.0435446,-2.93328,0.390634,1.26985
1.58634,-3.20994,0.610841,-0.425242
2.0516,-3.70085,0.742348,-0.533481
2.51136,-4.15932,0.882104,-0.562109
3.5,-5.78319,0.9,-0.8
-2,-0.6,1.2,-0.6
-0.282128,-2.80779,1.22949,-0.514324
1.5186,-3.36077,1.11497,-0.678043
1.93352,-3.76086,0.694596,-0.1615
2.84208,-4.67391,0.884053,-0.748471
3.32735,-5.49424,0.852706,-0.830477
3.5,-5.78319,0.9,-0.8
-2,-0.6,1.2,-0.6
-0.282128,-2.80779,1.05884,-0.322954
1.5186,-3.36077,0.920034,-0.0517733
1.93352,-3.76086,0.210784,1.16875
2.84208,-4.67391,0.272455,1.12345
3.32735,-5.49424,0.856083,-0.758855
3.5,-5.78319,0.9,-0.8
-2,-0.6,1.2,-0.6
-1.40349,-1.3948,0.939876,0.152071
-0.0150287,-2.89306,0.239591,1.44919
1.5186,-3.36077,0.237499,0.914226
2.0516,-3.70085,0.375156,0.636633
2.51136,-4.15932,0.722361,-0.23104
3.5,-5.78319,0.9,-0.8
-2,-0.6,1.2,-0.6
-1.41581,-1.43342,0.681523,0.393687
-0.119337,-2.89025,0.205542,1.17728
0.992673,-3.25056,0.267205,1.07476
1.91256,-3.70348,0.549528,0.281759
2.97447,-4.90553,0.713399,-0.2208
3.5,-5.78319,0.9,-0.8
-2,-0.6,1.2,-0.6
-1.41581,-1.43342,0.944121,-0.208192
-0.119337,-2.89025,0.448179,0.794695
0.992673,-3.25056,0.291419,1.17322
1.91256,-3.70348,0.549528,0.281759
2.97447,-4.90553,0.834425,-0.306861
3.5,-5.78319,0.9,-0.8
-2,-0.6,1.2,-0.6
-0.282128,-2.80779,1.16531,-0.725188
1.5186,-3.36077,1.14391,-0.775697
1.86891,-3.53672,1.07286,-0.872629
2.0516,-3.70085,0.993565,-0.940611
2.38559,-4.17513,0.943234,-0.889401
3.5,-5.78319,0.9,-0.8
-2,-0.6,1.2,-0.6
-1.19265,-1.60322,1.00909,-0.209429
-0.0435446,-2.93328,0.681876,0.801088
1.58634,-3.20994,0.18074,1.37774
2.0516,-3.70085,0.237499,0.914226
2.5913,-4.06214,0.549528,0.281759
3.5,-5.78319,0.9,-0.8
-2,-0.6,1.2,-0.6
-1.19265,-1.60322,1.22949,-0.514324
-0.0435446,-2.93328,1.11497,-0.678043
1.58634,-3.20994,0.694596,-0.1615
2.0516,-3.70085,0.884053,-0.748471
2.5913,-4.06214,0.852706,-0.830477
3.5,-5.78319,0.9,-0.8
-2,-0.6,1.2,-0.6
-1.40349,-1.3948,1.01934,-0.338291
-0.0418453,-2.83453,0.488984,0.83964
1.5186,-3.36077,0.42518,1.37117
2.0516,-3.70085,0.623104,-0.445364
2.51136,-4.15932,0.648657,-0.517829
3.5,-5.78319,0.9,-0.8
-2,-0.6,1.2,-0.6
-1.09371,-1.85463,0.853929,0.0897633
-0.229187,-3.01353,0.507858,0.779527
2.05227,-3.66925,0.291419,1.17322
2.84208,-4.67391,0.549528,0.281759
3.16259,-5.20128,0.65951,-0.064731
3.5,-5.78319,0.9,-0.8
-2,-0.6,1.2,-0.6
-1.5641,-1.24477,1.2791,-0.695981
-0.514726,-2.40145,1.09622,-0.848319
0.675224,-3.03011,1.03944,-0.904118
1.77635,-3.37897,0.98521,-0.894134
2.6232,-4.38426,0.939145,-0.86053
3.5,-5.78319,0.9,-0.8
-2,-0.6,1.2,-0.6
-1.40349,-1.3948,0.689929,0.223002
-0.0704457,-2.78954,0.111336,1.56655
1.5016,-3.34829,0.25445,-0.470272
2.0516,-3.70085,0.381713,-0.592708
2.51136,-4.15932,0.658467,-0.471682
3.5,-5.78319,0.9,-0.8
-2,-0.6,1.2,-0.6
-1.40349,-1.3948,0.892096,-0.136298
-0.0704457,-2.78954,0.658932,0.449533
1.5016,-3.34829,0.693237,0.023199
2.0516,-3.70085,0.824266,-0.562945
2.51136,-4.15932,0.898206,-0.67434
3.5,-5.78319,0.9,-0.8
-2,-0.6,1.2,-0.6
-1.40349,-1.3948,1.0067,-0.172175
-0.0704457,-2.78954,1.00237,0.393602
1.5016,-3.34829,0.785305,-0.143719
2.0516,-3.70085,0.843446,-0.583124
2.51136,-4.15932,0.856083,-0.758855
3.5,-5.78319,0.9,-0.8
-2,-0.6,1.2,-0.6
-1.40349,-1.3948,1.00909,-0.209429
-0.0704457,-2.78954,0.429172,0.950316
1.5016,-3.34829,0.18074,1.37774
2.0516,-3.70085,0.129479,0.697061
2.51136,-4.15932,0.789334,-0.785031
3.5,-5.78319,0.9,-0.8
-2,-0.6,1.2,-0.6
-1.40349,-1.3948,1.26796,-1.03509
-0.0704457,-2.78954,1.33245,-1.40411
1.42859,-3.32421,1.77487,-2.26447
2.0516,-3.70085,2.0675,-2.76029
2.51136,-4.15932,1.81119,-2.32444
3.5,-5.78319,0.9,-0.8
-2,-0.6,1.2,-0.6
-1.40349,-1.3948,1.03271,-0.345373
-0.0704457,-2.78954,0.779145,-0.070244
1.42859,-3.32421,0.46814,0.426491
2.0516,-3.70085,0.24905,1.66835
2.51136,-4.15932,0.538733,0.325359
3.5,-5.78319,0.9,-0.8
-2,-0.6,1.2,-0.6
-1.40349,-1.3948,0.892096,-0.136298
-0.0704457,-2.78954,0.658932,0.449533
1.42859,-3.32421,0.693237,0.023199
2.0516,-3.70085,0.824266,-0.562945
2.51136,-4.15932,0.898206,-0.67434
3.5,-5.78319,0.9,-0.8
-2,-0.6,1.2,-0.6
-0.131246,-2.8728,0.553082,0.951241
1.5186,-3.36077,0.549528,0.281759
1.85948,-3.53266,0.701556,-0.142388
2.29212,-3.7786,0.54989,-0.115009
2.51136,-4.15932,0.745681,-0.364702
3.5,-5.78319,0.9,-0.8
-2,-0.6,1.2,-0.6
-1.09371,-1.85463,1.01934,-0.338291
-0.229187,-3.01353,0.909574,-0.0936128
2.05227,-3.66925,0.658932,0.449533
2.84208,-4.67391,0.755861,-0.473443
3.20123,-5.18414,0.882715,-0.566289
3.5,-5.78319,0.9,-0.8
-2,-0.6,1.2,-0.6
-0.0435446,-2.93328,1.0352,-0.33487
1.50874,-3.30781,0.886755,-0.0957158
2.0516,-3.70085,0.658534,0.266319
2.51136,-4.15932,0.613337,0.290537
2.97447,-4.90553,0.632877,-0.138488
3.5,-5.78319,0.9,-0.8
-2,-0.6,1.2,-0.6
-0.0435446,-2.93328,1.1734,-0.180769
1.50874,-3.30781,0.897035,0.364755
2.0516,-3.70085,0.765039,0.19861
2.51136,-4.15932,0.778632,-0.482751
2.97447,-4.90553,0.877265,-0.828065
3.5,-5.78319,0.9,-0.8
-2,-0.6,1.2,-0.6
-1.19265,-1.60322,2.01014,-2.01707
-0.0435446,-2.93328,2.28694,-2.45525
1.5186,-3.36077,2.30618,-2.53337
1.86891,-3.53672,0.860963,-0.769854
2.51136,-4.15932,0.781694,-0.599445
3.5,-5.78319,0.9,-0.8
-2,-0.6,1.2,-0.6
-0.350175,-2.58316,0.973003,-0.0965841
1.4604,-3.3532,0.844135,0.493877
2.02202,-3.58709,0.123733,1.35607
2.54044,-4.21949,0.478736,0.474085
3.22443,-5.32134,0.11713,1.47785
3.5,-5.78319,0.9,-0.8
-2,-0.6,1.2,-0.6
-1.19265,-1.60322,0.489157,0.819505
-0.0435446,-2.93328,0.748422,0.103846
1.7214,-3.46369,0.694596,-0.1615
2.51136,-4.15932,0.884053,-0.748471
2.97447,-4.90553,0.852706,-0.830477
3.5,-5.78319,0.9,-0.8
-2,-0.6,1.2,-0.6
-0.244186,-2.68514,1.0067,-0.172175
1.6594,-3.39944,0.784387,0.295184
1.85477,-3.54445,0.779145,-0.070244
2.0516,-3.70085,0.46814,0.426491
2.51136,-4.15932,0.538733,0.325359
3.5,-5.78319,0.9,-0.8
-2,-0.6,1.2,-0.6
-0.244186,-2.68514,0.768751,0.221729
1.6594,-3.39944,0.411305,0.90823
1.85477,-3.54445,0.499328,0.715321
2.0516,-3.70085,0.575396,0.468603
2.51136,-4.15932,0.67248,0.122895
3.5,-5.78319,0.9,-0.8
-2,-0.6,1.2,-0.6
-0.244186,-2.68514,1.04223,-0.0244345
1.6594,-3.39944,0.844135,0.493877
1.85477,-3.54445,0.133268,1.48114
2.0516,-3.70085,0.478736,0.474085
2.51136,-4.15932,0.29311,0.950577
3.5,-5.78319,0.9,-0.8
-2,-0.6,1.2,-0.6
-1.08538,-1.85899,1.17467,-0.676692
-0.269462,-2.86594,1.06826,-0.919178
0.77216,-3.11234,0.976633,-0.996731
1.2425,-3.31839,0.93359,-0.85158
2.61771,-4.43768,0.907232,-0.806841
3.5,-5.78319,0.9,-0.8
-2,-0.6,1.2,-0.6
-1.08538,-1.85899,0.900577,-0.185815
-0.269462,-2.86594,0.762966,0.115304
0.77216,-3.11234,0.478736,0.474085
1.2425,-3.31839,0.594156,0.166903
2.61771,-4.43768,0.67473,-0.552877
3.5,-5.78319,0.9,-0.8
-2,-0.6,1.2,-0.6
-1.08538,-1.85899,1.03271,-0.345373
-0.269462,-2.86594,0.779145,-0.070244
0.77216,-3.11234,0.46814,0.426491
1.2425,-3.31839,0.24905,1.66835
2.61771,-4.43768,0.538733,0.325359
3.5,-5.78319,0.9,-0.8
-2,-0.6,1.2,-0.6
-3.46807,1.58363,1.08083,-0.458622
-4.52045,2.80087,0.668055,0.200884
-3.78648,2.14436,0.758274,0.0877994
-3.95152,2.2895,0.749022,-0.267719
-3.40163,1.47789,0.819984,-0.557298
-2.78319,0.5,0.9,-0.8
-2,-0.6,1.2,-0.6
-0.282128,-2.80779,1.29808,-0.652456
1.5186,-3.36077,1.71812,-1.5321
1.92836,-3.41442,1.98178,-1.97021
2.84208,-4.67391,1.37526,-1.08225
3.32735,-5.49424,1.22574,-1.03137
3.5,-5.78319,0.9,-0.8
-2,-0.6,1.2,-0.6
-0.812804,-2.22765,1.29014,-0.651814
0.229392,-2.9719,1.50061,-0.524101
0.67149,-3.11545,1.98178,-1.97021
1.2425,-3.31839,1.35108,-1.01396
2.61771,-4.43768,1.22574,-1.03137
3.5,-5.78319,0.9,-0.8
-2,-0.6,1.2,-0.6
-0.45631,-2.43911,1.26796,-1.03509
0.504944,-2.93589,1.33245,-1.40411
1.65985,-3.16323,1.77487,-2.26447
2.32017,-3.79312,2.0675,-2.76029
3.15406,-5.13058,1.81119,-2.32444
3.5,-5.78319,0.9,-0.8
-2,-0.6,1.2,-0.6
-0.45631,-2.43911,1.15938,-0.71861
0.504944,-2.93589,1.09204,-0.815195
1.65985,-3.16323,1.06574,-0.845695
2.32017,-3.79312,1.02092,-0.839839
3.15406,-5.13058,0.97419,-0.828037
3.5,-5.78319,0.9,-0.8
-2,-0.6,1.2,-0.6
-0.45631,-2.43911,2.45253,-2.53011
0.504944,-2.93589,2.53116,-2.84433
1.65985,-3.16323,1.28299,-1.10206
2.32017,-3.79312,1.06499,-1.04105
3.15406,-5.13058,0.983799,-0.925214
3.5,-5.78319,0.9,-0.8
-2,-0.6,1.2,-0.6
-0.45631,-2.43911,1.2865,-0.710528
0.504944,-2.93589,1.43794,-0.825637
1.65985,-3.16323,2.11102,-2.09544
2.32017,-3.79312,1.80879,-1.75924
3.15406,-5.13058,1.3865,-1.31536
3.5,-5.78319,0.9,-0.8
-2,-0.6,1.2,-0.6
-1.61146,-1.13352,1.5082,-1.12668
-1.16346,-1.66487,2.0379,-2.15053
-0.432424,-2.53949,1.95119,-2.12102
2.23885,-3.71572,1.79004,-1.96733
3.18595,-5.13483,1.22149,-1.2305
3.5,-5.78319,0.9,-0.8
-2,-0.6,1.2,-0.6
-1.57514,-1.14433,1.22738,-0.742703
-0.544626,-2.50679,1.35092,-0.689632
1.65985,-3.16323,2.36681,-2.69732
2.32017,-3.79312,1.83225,-1.73136
3.18595,-5.13483,1.34461,-1.45777
3.5,-5.78319,0.9,-0.8
-2,-0.6,1.2,-0.6
-1.57514,-1.14433,1.29014,-0.651814
-0.544626,-2.50679,1.50061,-0.524101
1.65985,-3.16323,1.98178,-1.97021
2.32017,-3.79312,1.35108,-1.01396
3.18595,-5.13483,1.22574,-1.03137
3.5,-5.78319,0.9,-0.8
-2,-0.6,1.2,-0.6
-1.14624,-1.80732,2.45253,-2.53011
0.426759,-3.18231,2.53116,-2.84433
1.85227,-3.47273,2.10999,-1.97723
2.23636,-3.78586,1.52719,-1.65557
2.97447,-4.90553,1.07608,-1.15623
3.5,-5.78319,0.9,-0.8
-2,-0.6,1.2,-0.6
-1.20062,-1.94052,2.12596,-1.95708
0.780819,-3.08121,1.7574,-2.19671
1.42212,-3.29751,2.0675,-2.76029
2.38666,-4.05104,1.7878,-2.34248
3.00052,-4.91411,1.07608,-1.15623
3.5,-5.78319,0.9,-0.8
-2,-0.6,1.2,-0.6
-1.41581,-1.43342,1.26445,-0.645038
0.0253738,-2.77962,1.29751,-0.831127
1.95253,-3.67042,1.91416,-1.71783
2.84208,-4.67391,1.67952,-1.48099
3.17928,-5.22201,1.0943,-1.00645
3.5,-5.78319,0.9,-0.8
-2,-0.6,1.2,-0.6
-1.35107,-1.51726,0.685265,0.37976
-0.055928,-2.68408,0.321028,0.973223
2.02202,-3.58709,0.573993,0.260489
2.54044,-4.21949,0.882715,-0.566289
3.32457,-5.41444,0.909573,-0.720211
3.5,-5.78319,0.9,-0.8
-2,-0.6,1.2,-0.6
-1.35107,-1.51726,1.53238,-1.37578
-0.055928,-2.68408,1.60419,-1.6132
2.02202,-3.58709,1.51181,-1.6047
2.54044,-4.21949,0.959513,-1.09728
3.32457,-5.41444,0.979438,-0.962262
3.5,-5.78319,0.9,-0.8
-2,-0.6,1.2,-0.6
-0.282721,-2.6111,1.67597,-1.40477
1.42779,-3.30829,2.01014,-2.01707
2.02202,-3.58709,1.51333,-1.73737
2.54044,-4.21949,1.12645,-1.10058
3.21281,-5.35436,0.918689,-0.838718
3.5,-5.78319,0.9,-0.8
-2,-0.6,1.2,-0.6
-0.282721,-2.6111,1.50586,-1.13532
1.42779,-3.30829,1.77653,-1.60534
2.02202,-3.58709,2.02037,-1.97779
2.54044,-4.21949,2.07158,-2.08822
3.21281,-5.35436,0.956209,-0.842858
3.5,-5.78319,0.9,-0.8
-2,-0.6,1.2,-0.6
-2.34851,0.297613,0.685265,0.37976
-3.07301,2.02145,0.321028,0.973223
-3.45123,2.97019,0.573993,0.260489
-3.97095,3.12138,0.882715,-0.566289
-3.50967,2.14565,0.909573,-0.720211
-2.78319,0.5,0.9,-0.8
-2,-0.6,1.2,-0.6
-2.34851,0.297613,1.24675,-0.615999
-3.07301,2.02145,1.7327,-1.42536
-3.45123,2.97019,1.52719,-1.65557
-3.97095,3.12138,1.3351,-1.48951
-3.50967,2.14565,1.159,-1.27221
-2.78319,0.5,0.9,-0.8
-2,-0.6,1.2,-0.6
-2.34851,0.297613,1.5082,-1.12668
-3.07301,2.02145,2.0379,-2.15053
-3.45123,2.97019,1.95119,-2.12102
-3.97095,3.12138,1.79004,-1.96733
-3.50967,2.14565,1.22149,-1.2305
-2.78319,0.5,0.9,-0.8
-2,-0.6,1.2,-0.6
-2.34851,0.297613,2.01014,-2.01707
-3.07301,2.02145,2.20183,-2.31454
-3.45123,2.97019,2.28694,-2.45525
-3.97095,3.12138,1.64142,-1.80286
-3.50967,2.14565,1.02778,-0.948588
-2.78319,0.5,0.9,-0.8
-2,-0.6,1.2,-0.6
-1.19265,-1.60322,1.60419,-1.6132
0.0234268,-3.10571,1.32506,-1.44574
1.5186,-3.36077,1.159,-1.27221
2.51136,-4.15932,1.05888,-1.12452
2.97447,-4.90553,0.985276,-1.00431
3.5,-5.78319,0.9,-0.8
-2,-0.6,1.2,-0.6
-2.34851,0.297613,1.29014,-0.651814
-3.03645,2.15499,1.50061,-0.524101
-3.46743,2.88702,1.98178,-1.97021
-3.97095,3.12138,1.35108,-1.01396
-3.50967,2.14565,1.22356,-1.03232
-2.78319,0.5,0.9,-0.8
-2,-0.6,1.2,-0.6
-1.66091,-1.08204,2.45253,-2.53011
-1.16346,-1.66487,2.53116,-2.84433
-0.432424,-2.53949,1.96767,-1.96925
2.3225,-3.87495,2.07158,-2.08822
3.18595,-5.13483,1.10709,-0.997395
3.5,-5.78319,0.9,-0.8
-2,-0.6,1.2,-0.6
-1.14624,-1.80732,1.67597,-1.40477
0.59899,-3.0933,1.91942,-2.07994
1.87162,-3.54226,1.68582,-1.89438
2.09858,-3.74797,1.35282,-1.32398
2.49284,-4.06501,1.2689,-1.63452
3.5,-5.78319,0.9,-0.8
-2,-0.6,1.2,-0.6
-3.46807,1.58363,1.24675,-0.615999
-4.42256,2.84019,1.7327,-1.42536
-3.69178,2.17327,1.52719,-1.65557
-3.95152,2.2895,1.3351,-1.48951
-3.48616,1.57877,1.159,-1.27221
-2.78319,0.5,0.9,-0.8
-2,-0.6,1.2,-0.6
-3.46807,1.58363,1.77653,-1.60534
-4.42256,2.84019,2.2039,-2.14662
-3.69178,2.17327,1.73595,-1.73295
-3.95152,2.2895,1.66427,-1.81261
-3.48616,1.57877,1.09989,-1.23871
-2.78319,0.5,0.9,-0.8
-2,-0.6,1.2,-0.6
-0.818396,-1.37632,1.42932,-1.0933
-1.41067,-1.47975,1.95236,-2.01792
-2.25777,-0.481526,1.29059,-1.35694
-2.59363,-0.175811,1.27744,-1.07618
-2.98522,0.374189,0.907232,-0.806841
-2.78319,0.5,0.9,-0.8
-2,-0.6,1.2,-0.6
-0.818396,-1.37632,2.45253,-2.53011
-1.41067,-1.47975,2.53116,-2.84433
-2.25777,-0.481526,2.10999,-1.97723
-2.59363,-0.175811,1.52719,-1.65557
-2.98522,0.374189,1.07608,-1.15623
-2.78319,0.5,0.9,-0.8
-2,-0.6,1.2,-0.6
-2.76315,0.660365,0.754994,-0.0892387
-4.52045,2.80087,0.473351,0.788413
-3.78648,2.14436,0.439935,0.846299
-3.99287,2.24776,0.581985,0.477045
-3.40301,1.4314,0.78624,-0.338553
-2.78319,0.5,0.9,-0.8
-2,-0.6,1.2,-0.6
-2.76315,0.660365,0.489157,0.819505
-4.52045,2.80087,0.748422,0.103846
-3.78648,2.14436,0.694596,-0.1615
-3.99287,2.24776,0.884053,-0.748471
-3.40301,1.4314,0.852706,-0.830477
-2.78319,0.5,0.9,-0.8
-2,-0.6,1.2,-0.6
-2.34851,0.297613,1.13947,-0.766279
-3.03645,2.15499,0.952012,-0.969071
-3.45123,2.97019,0.93359,-0.85158
-3.97095,3.12138,0.907232,-0.806841
-3.50967,2.14565,0.900545,-0.797335
-2.78319,0.5,0.9,-0.8
-2,-0.6,1.2,-0.6
-2.34851,0.297613,0.695365,0.148926
-3.03645,2.15499,0.478736,0.474085
-3.45123,2.97019,0.849105,0.0451439
-3.97095,3.12138,0.632877,-0.138488
-3.50967,2.14565,0.719287,-0.445345
-2.78319,0.5,0.9,-0.8
-2,-0.6,1.2,-0.6
-2.34851,0.297613,0.929773,-0.542642
-3.03645,2.15499,0.695365,0.148926
-3.45123,2.97019,0.597617,0.0286307
-3.97095,3.12138,0.746834,-0.369204
-3.50967,2.14565,0.818516,-0.726172
-2.78319,0.5,0.9,-0.8
-2,-0.6,1.2,-0.6
-1.30509,-1.43632,0.288527,1.12494
-0.055928,-2.68408,0.127557,1.15119
2.09166,-3.65384,0.370161,0.844499
2.84208,-4.67391,0.441848,0.601877
3.24268,-5.33433,0.871756,-0.565713
3.5,-5.78319,0.9,-0.8
-2,-0.6,1.2,-0.6
-0.834076,-2.34197,1.12701,-0.472668
-0.106326,-2.60951,0.50436,0.015116
0.300473,-2.8585,0.770154,-0.437928
0.67149,-3.11545,0.877265,-0.828065
1.77635,-3.37897,0.871438,-0.822269
3.5,-5.78319,0.9,-0.8
-2,-0.6,1.2,-0.6
-1.73398,-1.01629,1.1734,-0.180769
-0.992922,-1.91536,0.897035,0.364755
0.0884046,-2.82999,0.765039,0.19861
1.18784,-3.13839,0.778632,-0.482751
1.77635,-3.37897,0.877265,-0.828065
3.5,-5.78319,0.9,-0.8
-2,-0.6,1.2,-0.6
-1.09151,-1.67335,0.592158,0.325153
-0.055928,-2.68408,0.177279,1.00787
2.09166,-3.65384,0.368635,1.02228
2.84208,-4.67391,0.765144,0.0302114
3.32735,-5.49424,0.789301,-0.610261
3.5,-5.78319,0.9,-0.8
-2,-0.6,1.2,-0.6
-1.19265,-1.60322,0.900577,-0.185815
-0.055928,-2.68408,0.762966,0.115304
1.5186,-3.36077,0.478736,0.474085
2.09838,-3.64324,0.594156,0.166903
3.32735,-5.49424,0.67473,-0.552877
3.5,-5.78319,0.9,-0.8
-2,-0.6,1.2,-0.6
-1.14624,-1.80732,0.695365,0.148926
-0.282128,-2.80779,0.478736,0.474085
0.663556,-3.17236,0.849105,0.0451439
2.4745,-4.19945,0.632877,-0.138488
2.79442,-4.67216,0.719287,-0.445345
3.5,-5.78319,0.9,-0.8
-2,-0.6,1.2,-0.6
-0.137557,-2.63862,1.03271,-0.345373
1.5186,-3.36077,0.779145,-0.070244
1.86891,-3.53672,0.46814,0.426491
2.0516,-3.70085,0.24905,1.66835
2.51136,-4.15932,0.538733,0.325359
3.5,-5.78319,0.9,-0.8
-2,-0.6,1.2,-0.6
-0.137557,-2.63862,1.02006,-0.563818
1.5186,-3.36077,0.882104,-0.562109
1.86891,-3.53672,0.862967,-0.602191
2.0516,-3.70085,0.870065,-0.663818
2.51136,-4.15932,0.887656,-0.734064
3.5,-5.78319,0.9,-0.8
-2,-0.6,1.2,-0.6
-1.28981,-1.32542,1.14221,-0.655221
-0.282128,-2.80779,1.08229,-0.713622
1.5186,-3.36077,1.02663,-0.765662
1.85477,-3.54445,0.932286,-0.813622
2.97447,-4.90553,0.917211,-0.805221
3.5,-5.78319,0.9,-0.8
-2,-0.6,1.2,-0.6
-1.01263,-1.48221,1.14221,-0.655221
-1.32559,-1.27767,1.08229,-0.713622
-2.15588,-0.49821,1.02663,-0.765662
-2.86061,0.0250941,0.932286,-0.813622
-3.08489,0.191982,0.917211,-0.805221
-2.78319,0.5,0.9,-0.8
-2,-0.6,1.2,-0.6
-3.37919,1.6762,1.19789,-0.652111
-4.17627,3.22426,1.19416,-0.614492
-3.398,1.79961,0.913087,-0.320158
-3.18791,1.49796,0.663409,-0.191286
-3.04411,1.14645,0.827143,-0.676799
-2.78319,0.5,0.9,-0.8
-2,-0.6,1.2,-0.6
-2.28717,0.346499,1.07535,-0.368958
-3.03645,2.15499,0.920034,-0.0517733
-3.45123,2.97019,0.744403,0.654847
-3.97095,3.12138,0.244344,1.10998
-3.50967,2.14565,0.521794,0.269637
-2.78319,0.5,0.9,-0.8
-2,-0.6,1.2,-0.6
-1.12253,-1.73067,1.14423,-0.435387
0.713634,-3.13202,0.995387,-0.246109
2.0516,-3.70085,0.0486832,0.218999
2.253,-3.84985,0.289887,0.00409539
2.97262,-4.89842,0.341468,-0.276861
3.5,-5.78319,0.9,-0.8
-2,-0.6,1.2,-0.6
-1.12253,-1.73067,1.14423,-0.435387
0.713634,-3.13202,0.995387,-0.246109
2.0516,-3.70085,0.0486832,0.218999
2.253,-3.84985,0.289887,0.00409539
2.97262,-4.89842,0.341468,-0.276861
3.5,-5.78319,0.9,-0.8
-2,-0.6,1.2,-0.6
-1.12253,-1.73067,2.36734,-2.54293
0.713634,-3.13202,2.53116,-2.84433
2.0516,-3.70085,2.03781,-1.94946
2.253,-3.84985,1.52719,-1.65557
2.97262,-4.89842,1.07608,-1.15623
3.5,-5.78319,0.9,-0.8
-2,-0.6,1.2,-0.6
-0.131246,-2.8728,1.91416,-1.71783
1.53429,-3.48883,1.47914,-1.85554
1.85587,-3.61586,1.29059,-1.35694
2.0516,-3.70085,1.07535,-1.03587
2.87503,-4.92494,0.907232,-0.806841
3.5,-5.78319,0.9,-0.8
-2,-0.6,1.2,-0.6
-1.32428,-1.26717,1.5082,-1.12668
-0.055928,-2.68408,2.0379,-2.15053
1.5186,-3.36077,1.95119,-2.12102
2.02202,-3.58709,1.79004,-1.96733
2.51136,-4.15932,1.22149,-1.2305
3.5,-5.78319,0.9,-0.8
-2,-0.6,1.2,-0.6
-1.28981,-1.32542,2.36734,-2.54293
-0.350175,-2.58316,2.53116,-2.84433
1.41189,-3.31995,2.03781,-1.94946
2.54044,-4.21949,1.52719,-1.65557
3.16569,-5.32371,1.07608,-1.15623
3.5,-5.78319,0.9,-0.8
-2,-0.6,1.2,-0.6
-1.68732,-1.01643,1.91416,-1.71783
-1.42187,-1.4513,1.47914,-1.85554
-0.983923,-1.96359,1.29059,-1.35694
-0.47494,-2.45234,1.07535,-1.03587
2.5998,-4.45587,0.907232,-0.806841
3.5,-5.78319,0.9,-0.8
-2,-0.6,1.2,-0.6
-1.4247,-1.34422,1.26796,-1.03509
-0.716891,-2.11634,1.33245,-1.40411
1.46285,-3.75002,1.77487,-2.26447
2.21415,-4.13413,2.0675,-2.76029
2.5264,-4.389,1.81119,-2.32444
3.5,-5.78319,0.9,-0.8
-2,-0.6,1.2,-0.6
-1.4247,-1.34422,1.49558,-1.05599
-0.716891,-2.11634,1.82866,-1.6824
1.46285,-3.75002,2.20645,-2.08267
2.21415,-4.13413,2.08297,-2.21941
2.5264,-4.389,1.75049,-2.4764
3.5,-5.78319,0.9,-0.8
-2,-0.6,1.2,-0.6
-1.36255,-1.32959,1.14423,-0.435387
-0.679991,-2.02202,0.995387,-0.246109
0.63805,-2.99044,0.0486832,0.218999
2.12318,-4.03865,0.289887,0.00409539
2.95891,-5.03082,0.341468,-0.276861
3.5,-5.78319,0.9,-0.8
-2,-0.6,1.2,-0.6
-1.35332,-1.29933,2.45253,-2.53011
-0.679991,-2.02202,2.53116,-2.84433
0.63805,-2.99044,1.96767,-1.96925
2.12318,-4.03865,2.07158,-2.08822
2.9809,-5.02167,1.10709,-0.997395
3.5,-5.78319,0.9,-0.8
-2,-0.6,1.2,-0.6
-1.35332,-1.29933,0.965892,-0.195385
-0.679991,-2.02202,0.869172,-0.0611184
0.63805,-2.99044,0.574875,-0.0241946
2.12318,-4.03865,0.381713,-0.592708
2.9809,-5.02167,0.659674,-0.63804
3.5,-5.78319,0.9,-0.8
-2,-0.6,1.2,-0.6
-1.35332,-1.29933,1.48109,-1.047
-0.679991,-2.02202,1.58854,-0.894815
0.63805,-2.99044,1.83919,-2.10505
2.12318,-4.03865,1.55514,-1.71845
2.9809,-5.02167,1.13792,-1.15826
3.5,-5.78319,0.9,-0.8
-2,-0.6,1.2,-0.6
-0.716891,-2.11634,1.16268,-0.656716
1.62627,-3.85594,1.11708,-0.719643
2.21415,-4.13413,1.10421,-1.1342
2.51468,-4.40174,0.982886,-1.2183
2.88771,-4.97521,0.993565,-0.940611
3.5,-5.78319,0.9,-0.8
-2,-0.6,1.2,-0.6
-0.716891,-2.11634,1.26675,-1.0342
1.62627,-3.85594,1.30587,-1.31291
2.21415,-4.13413,1.45659,-1.69398
2.51468,-4.40174,1.55514,-1.71845
2.88771,-4.97521,1.08132,-1.08992
3.5,-5.78319,0.9,-0.8
-2,-0.6,1.2,-0.6
-0.716891,-2.11634,1.05115,-0.646874
1.62627,-3.85594,0.990824,-0.944421
2.21415,-4.13413,0.636658,-1.38965
2.51468,-4.40174,0.597314,-1.34884
2.88771,-4.97521,0.748657,-1.07442
3.5,-5.78319,0.9,-0.8
-2,-0.6,1.2,-0.6
-0.716891,-2.11634,1.29191,-1.19869
1.62627,-3.85594,1.81361,-2.40485
2.21415,-4.13413,2.21085,-2.93639
2.51468,-4.40174,2.047,-2.65372
2.88771,-4.97521,1.5808,-1.72631
3.5,-5.78319,0.9,-0.8
-2,-0.6,1.2,-0.6
-0.716891,-2.11634,1.06616,-0.801654
1.62627,-3.85594,1.14676,-0.960999
2.21415,-4.13413,1.10209,-1.14861
2.51468,-4.40174,1.08713,-1.08122
2.88771,-4.97521,1.00419,-0.954876
3.5,-5.78319,0.9,-0.8
-2,-0.6,1.2,-0.6
-0.716891,-2.11634,1.16268,-0.656716
1.62627,-3.85594,1.11708,-0.719643
2.21415,-4.13413,0.904875,-1.08884
2.51468,-4.40174,1.09878,-1.14305
2.88771,-4.97521,1.04446,-1.01835
3.5,-5.78319,0.9,-0.8
-2,-0.6,1.2,-0.6
-0.716891,-2.11634,1.13934,-0.707479
1.62627,-3.85594,1.07869,-0.814958
2.21415,-4.13413,0.862648,-1.30965
2.51468,-4.40174,0.597314,-1.34884
2.88771,-4.97521,0.748657,-1.07442
3.5,-5.78319,0.9,-0.8
-2,-0.6,1.2,-0.6
-1.35107,-1.51726,1.08021,-0.669312
1.5186,-3.36077,0.882252,-0.793813
2.09166,-3.65384,0.913419,-0.852424
2.84208,-4.67391,0.939145,-0.86053
3.27276,-5.51229,0.861352,-0.77831
3.5,-5.78319,0.9,-0.8
-2,-0.6,1.2,-0.6
-0.716891,-2.11634,1.06601,-0.674576
0.541837,-3.04768,1.21851,-0.911975
1.62627,-3.85594,0.990824,-0.944421
2.04714,-4.08783,0.536778,-1.4867
2.34617,-4.19182,0.701006,-1.21672
3.5,-5.78319,0.9,-0.8
-2,-0.6,1.2,-0.6
-1.37084,-1.10052,1.46917,-1.20165
-0.679991,-2.02202,1.62946,-1.86687
0.63805,-2.99044,0.882252,-0.793813
2.18665,-3.96789,0.967857,-0.888972
2.95891,-5.03082,1.10421,-1.1342
3.5,-5.78319,0.9,-0.8
-2,-0.6,1.2,-0.6
-1.37084,-1.10052,1.16268,-0.656716
-0.679991,-2.02202,1.1432,-0.687018
0.63805,-2.99044,1.11708,-0.719643
2.18665,-3.96789,1.02666,-0.794955
2.95891,-5.03082,1.0915,-1.00371
3.5,-5.78319,0.9,-0.8
-2,-0.6,1.2,-0.6
-1.37084,-1.10052,1.48109,-1.047
-0.679991,-2.02202,1.58854,-0.894815
0.63805,-2.99044,1.83919,-2.10505
2.18665,-3.96789,1.55514,-1.71845
2.95891,-5.03082,1.13792,-1.15826
3.5,-5.78319,0.9,-0.8
-2,-0.6,1.2,-0.6
-1.68732,-1.01643,1.45659,-1.69398
-1.41581,-1.43342,1.55514,-1.71845
0.0253738,-2.77962,1.3369,-1.43117
2.72034,-4.73365,1.11691,-1.12055
3.17928,-5.22201,1.00419,-0.954876
3.5,-5.78319,0.9,-0.8
-2,-0.6,1.2,-0.6
-0.589835,-2.03958,1.16268,-0.656716
0.913038,-3.33331,1.11708,-0.719643
2.21415,-4.13413,0.904875,-1.08884
2.5264,-4.389,1.09878,-1.14305
3.20918,-5.25472,1.04446,-1.01835
3.5,-5.78319,0.9,-0.8
-2,-0.6,1.2,-0.6
-0.589835,-2.03958,1.16268,-0.656716
0.913038,-3.33331,1.11708,-0.719643
2.21415,-4.13413,0.967857,-0.888972
2.5264,-4.389,1.09878,-1.14305
3.16885,-5.28725,1.08132,-1.08992
3.5,-5.78319,0.9,-0.8
-2,-0.6,1.2,-0.6
-1.34529,-1.29624,1.19908,-0.77654
-0.589835,-2.03958,1.51231,-1.28997
2.20899,-4.20284,1.7574,-2.19671
2.59904,-4.51871,2.0675,-2.76029
3.28828,-5.49131,1.81119,-2.32444
3.5,-5.78319,0.9,-0.8
-2,-0.6,1.2,-0.6
-1.34529,-1.29624,1.35784,-0.871657
-0.589835,-2.03958,1.51574,-1.05334
2.20899,-4.20284,1.75309,-0.737982
2.59904,-4.51871,1.44074,-1.10334
3.28828,-5.49131,0.978859,-0.844238
3.5,-5.78319,0.9,-0.8
-2,-0.6,1.2,-0.6
-1.34529,-1.29624,1.25915,-0.738261
-0.589835,-2.03958,1.41452,-0.937258
2.18567,-4.20652,1.58448,-1.03816
2.69314,-4.6018,1.46963,-1.02605
2.97568,-5.01448,1.15739,-0.919424
3.5,-5.78319,0.9,-0.8
-2,-0.6,1.2,-0.6
-1.34529,-1.29624,1.08021,-0.669312
-0.589835,-2.03958,0.882252,-0.793813
2.18567,-4.20652,0.913419,-0.852424
2.69314,-4.6018,0.939145,-0.86053
2.97568,-5.01448,0.861352,-0.77831
3.5,-5.78319,0.9,-0.8
-2,-0.6,1.2,-0.6
-1.34529,-1.29624,1.17148,-0.684706
-0.589835,-2.03958,1.14391,-0.775697
2.18567,-4.20652,1.12526,-1.00684
2.67056,-4.61792,0.993905,-0.875697
3.18593,-5.34778,0.94648,-0.834706
3.5,-5.78319,0.9,-0.8
-2,-0.6,1.2,-0.6
-1.38025,-1.27433,1.13934,-0.707479
-0.589835,-2.03958,1.07869,-0.814958
0.85768,-3.18621,0.862648,-1.30965
2.18567,-4.20652,0.597314,-1.34884
2.6396,-4.63548,0.748657,-1.07442
3.5,-5.78319,0.9,-0.8
-2,-0.6,1.2,-0.6
-1.34529,-1.29624,1.14806,-0.676741
-0.589835,-2.03958,1.09087,-0.752824
2.20899,-4.20284,0.922087,-0.885531
2.58335,-4.48407,0.920746,-0.846431
3.22945,-5.407,0.910483,-0.822746
3.5,-5.78319,0.9,-0.8
-2,-0.6,1.2,-0.6
-1.34529,-1.29624,1.15424,-0.667105
-0.589835,-2.03958,0.979643,-0.832651
2.20899,-4.20284,1.07359,-0.870367
2.58335,-4.48407,1.08446,-0.939419
3.22945,-5.407,1.07585,-0.97042
3.5,-5.78319,0.9,-0.8
-2,-0.6,1.2,-0.6
-0.589835,-2.03958,1.56738,-1.09167
1.68381,-3.80794,1.97739,-1.63246
2.18567,-4.20652,2.30215,-2.07501
2.6396,-4.63548,1.82739,-1.73246
2.88771,-4.97521,1.34238,-1.24167
3.5,-5.78319,0.9,-0.8
-2,-0.6,1.2,-0.6
-0.589835,-2.03958,1.15424,-0.667105
1.68381,-3.80794,0.979643,-0.832651
2.18567,-4.20652,1.07359,-0.870367
2.6396,-4.63548,1.08446,-0.939419
2.88771,-4.97521,1.07585,-0.97042
3.5,-5.78319,0.9,-0.8
-2,-0.6,1.2,-0.6
-0.64214,-2.1101,1.14115,-0.819013
0.23166,-2.50385,1.11052,-0.915843
1.49712,-3.32876,1.03552,-0.965843
2.76402,-4.86192,0.991155,-0.919013
3.19639,-5.36344,0.945174,-0.855281
3.5,-5.78319,0.9,-0.8
-2,-0.6,1.2,-0.6
-1.34529,-1.29624,1.67333,-0.890245
-0.589835,-2.03958,2.14667,-1.18049
2.10402,-4.17967,1.65127,-1.2597
2.73307,-4.73629,1.07794,-1.03612
3.0335,-5.0855,0.988968,-0.918061
3.5,-5.78319,0.9,-0.8
-2,-0.6,1.2,-0.6
-1.34529,-1.29624,1.25797,-0.75312
-0.589835,-2.03958,1.3716,-0.799221
2.33297,-4.2798,1.28771,-1.08487
2.64278,-4.57742,1.15873,-1.07497
2.88373,-4.84528,1.02936,-0.937487
3.5,-5.78319,0.9,-0.8
-2,-0.6,1.2,-0.6
-1.34529,-1.29624,1.56738,-1.09167
-0.589835,-2.03958,1.97739,-1.63246
2.18567,-4.20652,2.30215,-2.07501
2.6396,-4.63548,1.82739,-1.73246
2.88771,-4.97521,1.34238,-1.24167
3.5,-5.78319,0.9,-0.8
-2,-0.6,1.2,-0.6
-1.34529,-1.29624,1.15424,-0.667105
-0.589835,-2.03958,1.02414,-0.81802
2.18567,-4.20652,1.07639,-0.798387
2.6396,-4.63548,1.07585,-0.97042
2.88771,-4.97521,0.965109,-0.86949
3.5,-5.78319,0.9,-0.8
-2,-0.6,1.2,-0.6
-1.34529,-1.29624,1.25797,-0.75312
-0.589835,-2.03958,1.3716,-0.799221
2.18567,-4.20652,1.28771,-1.08487
2.6396,-4.63548,1.15873,-1.07497
2.88771,-4.97521,1.02936,-0.937487
3.5,-5.78319,0.9,-0.8
-2,-0.6,1.2,-0.6
-1.34529,-1.29624,1.17017,-0.705281
-0.589835,-2.03958,1.14115,-0.819013
2.18567,-4.20652,1.11052,-0.915843
2.6396,-4.63548,1.03552,-0.965843
2.88771,-4.97521,0.991155,-0.919013
3.5,-5.78319,0.9,-0.8
-2,-0.6,1.2,-0.6
-1.34529,-1.29624,1.14115,-0.819013
-0.589835,-2.03958,1.11052,-0.915843
2.18567,-4.20652,1.03552,-0.965843
2.6396,-4.63548,0.991155,-0.919013
2.88771,-4.97521,0.945174,-0.855281
3.5,-5.78319,0.9,-0.8
-2,-0.6,1.2,-0.6
-1.34529,-1.29624,1.14115,-0.819013
-0.589835,-2.03958,1.07585,-0.97042
2.18567,-4.20652,1.03552,-0.965843
2.67056,-4.61792,0.991155,-0.919013
3.04196,-5.18607,0.911097,-1.05304
3.5,-5.78319,0.9,-0.8
-2,-0.6,1.2,-0.6
-1.34529,-1.29624,1.15901,-0.662592
-0.589835,-2.03958,1.11708,-0.719643
2.09504,-4.17868,1.08248,-0.990061
2.73307,-4.73629,1.10717,-1.12466
3.08455,-5.21149,0.975416,-0.91408
3.5,-5.78319,0.9,-0.8
-2,-0.6,1.2,-0.6
-1.34529,-1.29624,1.15424,-0.667105
-0.542389,-2.09192,1.02414,-0.81802
2.18567,-4.20652,1.07639,-0.798387
2.71845,-4.67209,1.07585,-0.97042
2.88771,-4.97521,0.965109,-0.86949
3.5,-5.78319,0.9,-0.8
-2,-0.6,1.2,-0.6
0.0641261,-2.57738,1.22899,-0.67656
0.63805,-2.99044,1.27585,-0.837087
1.40444,-3.5031,1.2517,-1.14084
2.12318,-4.03865,1.15873,-1.07497
2.9827,-5.1406,1.04419,-0.961161
3.5,-5.78319,0.9,-0.8
-2,-0.6,1.2,-0.6
-0.589835,-2.03958,1.27585,-0.837087
2.21415,-4.13413,1.28734,-0.957274
2.5264,-4.389,1.2517,-1.14084
2.76402,-4.86192,1.15873,-1.07497
3.19639,-5.36344,1.02936,-0.937487
3.5,-5.78319,0.9,-0.8
-2,-0.6,1.2,-0.6
-1.21472,-1.34448,1.25797,-0.75312
0.498141,-3.06353,1.3716,-0.799221
2.21415,-4.13413,1.28771,-1.08487
2.5264,-4.389,1.15873,-1.07497
2.97187,-5.01489,1.02936,-0.937487
3.5,-5.78319,0.9,-0.8
-2,-0.6,1.2,-0.6
-1.49707,-1.42473,1.22899,-0.67656
-0.589835,-2.03958,1.27585,-0.837087
2.3191,-4.31881,1.2517,-1.14084
2.64278,-4.57742,1.15873,-1.07497
2.88771,-4.97521,1.04419,-0.961161
3.5,-5.78319,0.9,-0.8
-2,-0.6,1.2,-0.6
-0.589835,-2.03958,1.56738,-1.09167
1.62627,-3.85594,1.97739,-1.63246
2.18567,-4.20652,2.30215,-2.07501
2.6396,-4.63548,1.82739,-1.73246
2.88771,-4.97521,1.34238,-1.24167
3.5,-5.78319,0.9,-0.8
-2,-0.6,1.2,-0.6
-0.589835,-2.03958,1.15424,-0.667105
1.62627,-3.85594,0.979643,-0.832651
2.18567,-4.20652,1.07359,-0.870367
2.59765,-4.56799,1.08446,-0.939419
2.88771,-4.97521,1.07585,-0.97042
3.5,-5.78319,0.9,-0.8
-2,-0.6,1.2,-0.6
-0.510361,-2.10698,1.17017,-0.705281
1.62627,-3.85594,1.14115,-0.819013
2.21415,-4.13413,1.11052,-0.915843
2.51468,-4.40174,1.03552,-0.965843
2.91245,-4.99303,0.991155,-0.919013
3.5,-5.78319,0.9,-0.8
-2,-0.6,1.2,-0.6
-0.510361,-2.10698,1.14806,-0.676741
1.62627,-3.85594,1.09087,-0.752824
2.21415,-4.13413,0.922087,-0.885531
2.51468,-4.40174,0.920746,-0.846431
2.91245,-4.99303,0.910483,-0.822746
3.5,-5.78319,0.9,-0.8
-2,-0.6,1.2,-0.6
-0.528734,-2.05374,1.35784,-0.871657
1.62627,-3.85594,1.51574,-1.05334
2.5264,-4.389,1.75309,-0.737982
2.83412,-4.81595,1.44074,-1.10334
3.1709,-5.35356,0.978859,-0.844238
3.5,-5.78319,0.9,-0.8
-2,-0.6,1.2,-0.6
-0.809682,-1.74003,1.16268,-0.656716
0.679563,-2.68085,1.11708,-0.719643
1.67186,-3.46528,1.10421,-1.1342
2.41781,-4.27846,0.982886,-1.2183
3.22945,-5.407,0.993565,-0.940611
3.5,-5.78319,0.9,-0.8
-2,-0.6,1.2,-0.6
-0.858959,-1.67506,1.13152,-0.52641
0.655847,-2.67226,0.755217,0.246183
1.79629,-3.57563,0.488984,0.83964
2.10941,-3.89397,0.718991,-0.247227
2.41781,-4.27846,0.824906,-0.577843
3.5,-5.78319,0.9,-0.8
-2,-0.6,1.2,-0.6
-0.844865,-1.73237,0.920034,-0.0517733
0.636072,-2.58682,0.394731,1.1856
1.67186,-3.46528,0.390484,0.544964
2.41781,-4.27846,0.749022,-0.267719
3.22945,-5.407,0.819984,-0.557298
3.5,-5.78319,0.9,-0.8
-2,-0.6,1.2,-0.6
-0.844865,-1.73237,1.10288,-0.499547
0.636072,-2.58682,0.913087,-0.320158
1.67186,-3.46528,0.711315,-0.207217
2.41781,-4.27846,0.708431,-0.374337
3.22945,-5.407,0.804215,-0.587169
3.5,-5.78319,0.9,-0.8
-2,-0.6,1.2,-0.6
-0.844865,-1.73237,1.22629,-0.550649
-0.208301,-2.09279,1.13766,-0.573962
0.584479,-2.55073,0.694596,-0.1615
2.1284,-3.50329,0.884053,-0.748471
3.21353,-5.42613,0.83319,-0.741737
3.5,-5.78319,0.9,-0.8
-2,-0.6,1.2,-0.6
-0.715045,-1.74582,0.984348,-0.200969
0.415852,-2.50682,0.920034,-0.0517733
2.07898,-3.88201,0.401863,0.941783
2.52706,-4.44397,0.625411,0.241969
2.95891,-5.03082,1.01052,-0.592372
3.5,-5.78319,0.9,-0.8
-2,-0.6,1.2,-0.6
-0.715045,-1.74582,1.04576,-0.307443
0.415852,-2.50682,0.488984,0.83964
2.07898,-3.88201,0.390634,1.26985
2.52706,-4.44397,0.623104,-0.445364
2.95891,-5.03082,0.658467,-0.471682
3.5,-5.78319,0.9,-0.8
-2,-0.6,1.2,-0.6
-0.715045,-1.74582,1.25567,-0.421302
0.415852,-2.50682,0.863815,0.0371446
2.07898,-3.88201,0.754513,0.25775
2.52706,-4.44397,0.749022,-0.267719
2.95891,-5.03082,0.819984,-0.557298
3.5,-5.78319,0.9,-0.8
-2,-0.6,1.2,-0.6
-0.715045,-1.74582,1.01934,-0.338291
0.415852,-2.50682,0.488984,0.83964
2.07898,-3.88201,0.42518,1.37117
2.52706,-4.44397,0.623104,-0.445364
2.95891,-5.03082,0.648657,-0.517829
3.5,-5.78319,0.9,-0.8
-2,-0.6,1.2,-0.6
0.67566,-3.07128,1.13152,-0.52641
1.62174,-3.87327,0.755217,0.246183
2.21415,-4.13413,0.488984,0.83964
2.51468,-4.40174,0.718991,-0.247227
2.88771,-4.97521,0.824906,-0.577843
3.5,-5.78319,0.9,-0.8
-2,-0.6,1.2,-0.6
-0.844865,-1.73237,0.769765,0.463291
0.636072,-2.58682,0.298124,1.17531
1.67186,-3.46528,0.370161,0.844499
2.30928,-4.26839,0.538365,0.315657
3.39854,-5.64212,0.819984,-0.557298
3.5,-5.78319,0.9,-0.8
-2,-0.6,1.2,-0.6
-0.571973,-1.70654,1.00909,-0.209429
0.643818,-2.68734,0.681876,0.801088
2.18665,-3.96789,0.18074,1.37774
2.95891,-5.03082,0.237499,0.914226
3.2439,-5.42642,0.549528,0.281759
3.5,-5.78319,0.9,-0.8
-2,-0.6,1.2,-0.6
-1.03186,-1.32948,0.642284,0.479743
0.679563,-2.68085,0.268775,1.1237
1.67186,-3.46528,0.929294,-0.462974
2.41781,-4.27846,0.864633,-0.790203
3.22945,-5.407,0.855782,-0.72996
3.5,-5.78319,0.9,-0.8
-2,-0.6,1.2,-0.6
-0.639637,-1.61408,1.46917,-1.20165
0.643818,-2.68734,1.73834,-1.80329
1.34336,-3.24064,0.882252,-0.793813
2.18665,-3.96789,0.851552,-0.985726
2.95891,-5.03082,1.10421,-1.1342
3.5,-5.78319,0.9,-0.8
-2,-0.6,1.2,-0.6
-0.597703,-1.64866,0.920034,-0.0517733
0.415852,-2.50682,0.394731,1.1856
1.73999,-3.58224,0.390484,0.544964
2.52706,-4.44397,0.749022,-0.267719
2.95891,-5.03082,0.819984,-0.557298
3.5,-5.78319,0.9,-0.8
-2,-0.6,1.2,-0.6
-0.666438,-1.59813,1.01934,-0.338291
0.442094,-2.4395,0.488984,0.83964
1.49712,-3.32876,0.42518,1.37117
1.93909,-3.6897,0.623104,-0.445364
2.30119,-3.99278,0.648657,-0.517829
3.5,-5.78319,0.9,-0.8
-2,-0.6,1.2,-0.6
-1.08763,-1.28536,1.01934,-0.338291
1.69748,-3.45156,0.488984,0.83964
2.4829,-4.25148,0.42518,1.37117
2.85335,-4.87005,0.623104,-0.445364
3.4646,-5.75577,0.648657,-0.517829
3.5,-5.78319,0.9,-0.8
-2,-0.6,1.2,-0.6
0.584479,-2.55073,1.0067,-0.172175
1.73999,-3.58224,1.00237,0.393602
2.07898,-3.88201,0.785305,-0.143719
2.52706,-4.44397,0.843446,-0.583124
2.95891,-5.03082,0.856083,-0.758855
3.5,-5.78319,0.9,-0.8
-2,-0.6,1.2,-0.6
0.584479,-2.55073,1.22949,-0.514324
1.73999,-3.58224,1.19368,-0.564986
1.98273,-3.89895,0.773626,-0.0277095
2.52706,-4.44397,0.884053,-0.748471
2.95891,-5.03082,0.852706,-0.830477
3.5,-5.78319,0.9,-0.8
-2,-0.6,1.2,-0.6
-0.581946,-1.66268,0.426209,0.953507
1.2721,-3.0994,0.390634,1.26985
1.67186,-3.46528,0.610841,-0.425242
3.22945,-5.407,0.742348,-0.533481
3.39854,-5.64212,0.882104,-0.562109
3.5,-5.78319,0.9,-0.8
-2,-0.6,1.2,-0.6
-0.581946,-1.66268,0.681523,0.393687
1.2721,-3.0994,0.205542,1.17728
1.67186,-3.46528,0.267205,1.07476
3.22945,-5.407,0.549528,0.281759
3.39854,-5.64212,0.713399,-0.2208
3.5,-5.78319,0.9,-0.8
-2,-0.6,1.2,-0.6
-0.173023,-1.98311,1.43806,-1.08502
1.67186,-3.46528,1.67126,-1.64951
2.10941,-3.89397,1.83919,-2.10505
2.3143,-4.37504,1.13792,-1.15826
3.2498,-5.3904,1.00775,-0.966512
3.5,-5.78319,0.9,-0.8
-2,-0.6,1.2,-0.6
-0.639637,-1.61408,0.681523,0.393687
0.643818,-2.68734,0.205542,1.17728
1.31589,-3.49732,0.267205,1.07476
2.07898,-3.88201,0.549528,0.281759
3.24467,-5.12325,0.713399,-0.2208
3.5,-5.78319,0.9,-0.8
-2,-0.6,1.2,-0.6
-0.421994,-1.6678,1.05884,-0.322954
1.15601,-2.73559,0.920034,-0.0517733
2.37329,-3.69216,0.424334,0.843218
3.00764,-4.57268,0.538365,0.315657
3.24467,-5.12325,0.749022,-0.267719
3.5,-5.78319,0.9,-0.8
-2,-0.6,1.2,-0.6
1.15601,-2.73559,1.05884,-0.322954
2.37329,-3.69216,0.920034,-0.0517733
3.00764,-4.57268,0.424334,0.843218
3.14985,-4.86175,0.538365,0.315657
3.24467,-5.12325,0.749022,-0.267719
3.5,-5.78319,0.9,-0.8
-2,-0.6,1.2,-0.6
1.15601,-2.73559,1.16268,-0.656716
2.37329,-3.69216,1.11708,-0.719643
3.00764,-4.57268,1.10421,-1.1342
3.14985,-4.86175,0.982886,-1.2183
3.24467,-5.12325,0.993565,-0.940611
3.5,-5.78319,0.9,-0.8
-2,-0.6,1.2,-0.6
-0.30226,-1.74018,1.00909,-0.209429
1.15601,-2.73559,0.49053,0.757282
2.39627,-3.71313,0.549528,0.281759
2.98934,-4.46332,0.694596,-0.1615
3.13812,-4.79893,0.884053,-0.748471
3.5,-5.78319,0.9,-0.8
-2,-0.6,1.2,-0.6
-0.30226,-1.74018,0.426209,0.953507
1.15601,-2.73559,0.390634,1.26985
2.39627,-3.71313,0.610841,-0.425242
2.98934,-4.46332,0.742348,-0.533481
3.13812,-4.79893,0.882104,-0.562109
3.5,-5.78319,0.9,-0.8
-2,-0.6,1.2,-0.6
-0.30226,-1.74018,1.35784,-0.871657
1.15601,-2.73559,1.51574,-1.05334
2.39627,-3.71313,1.75309,-0.737982
2.98934,-4.46332,1.44074,-1.10334
3.13812,-4.79893,0.978859,-0.844238
3.5,-5.78319,0.9,-0.8
-2,-0.6,1.2,-0.6
1.33019,-2.87393,1.26462,-1.08505
2.82458,-4.08874,1.36322,-1.53828
2.98934,-4.46332,1.56941,-1.89927
3.13955,-4.80024,1.79834,-2.22192
3.24467,-5.12325,2.00418,-2.59296
3.5,-5.78319,0.9,-0.8
-2,-0.6,1.2,-0.6
1.33019,-2.87393,1.0899,-0.783889
2.34939,-3.56633,0.832834,-0.849252
3.05856,-4.277,0.869764,-1.102
3.24467,-5.12325,0.614542,-1.27145
3.37234,-5.45322,0.806208,-1.02305
3.5,-5.78319,0.9,-0.8
-2,-0.6,1.2,-0.6
1.33019,-2.87393,1.49416,-1.46292
2.34939,-3.56633,1.7574,-2.19671
3.05856,-4.277,2.0675,-2.76029
3.24467,-5.12325,2.01568,-2.67287
3.37234,-5.45322,1.36258,-1.48763
3.5,-5.78319,0.9,-0.8
-2,-0.6,1.2,-0.6
1.33019,-2.87393,1.5773,-1.47075
2.34939,-3.56633,1.8629,-2.12236
3.05856,-4.277,1.76673,-2.0451
3.24467,-5.12325,1.08132,-1.08992
3.37234,-5.45322,0.972379,-0.923798
3.5,-5.78319,0.9,-0.8
-2,-0.6,1.2,-0.6
1.15601,-2.73559,1.15061,-0.789759
2.75173,-4.15779,0.906879,-0.972951
3.02667,-4.53193,0.776677,-1.13521
3.14985,-4.86175,0.701006,-1.21672
3.37119,-5.44638,0.701677,-1.18521
3.5,-5.78319,0.9,-0.8
-2,-0.6,1.2,-0.6
1.15601,-2.73559,1.16268,-0.656716
1.93632,-3.31095,1.1432,-0.687018
2.39627,-3.71313,1.11708,-0.719643
2.9821,-4.86953,1.02666,-0.794955
3.24467,-5.12325,1.0915,-1.00371
3.5,-5.78319,0.9,-0.8
-2,-0.6,1.2,-0.6
-0.418249,-1.59661,1.42552,-0.915505
1.15601,-2.73559,1.38194,-1.13592
2.37329,-3.69216,1.91419,-2.05505
3.00764,-4.57268,1.7574,-2.19671
3.24467,-5.12325,2.02903,-3.01843
3.5,-5.78319,0.9,-0.8
-2,-0.6,1.2,-0.6
-0.418249,-1.59661,0.984348,-0.200969
1.15601,-2.73559,0.920034,-0.0517733
2.37329,-3.69216,0.401863,0.941783
3.00764,-4.57268,0.625411,0.241969
3.24467,-5.12325,1.01052,-0.592372
3.5,-5.78319,0.9,-0.8
-2,-0.6,1.2,-0.6
-0.418249,-1.59661,1.08021,-0.669312
1.15601,-2.73559,0.882252,-0.793813
2.37329,-3.69216,0.913419,-0.852424
3.00764,-4.57268,0.939145,-0.86053
3.24467,-5.12325,0.861352,-0.77831
3.5,-5.78319,0.9,-0.8
-2,-0.6,1.2,-0.6
1.33019,-2.87393,1.30525,-0.751115
2.95642,-4.02881,1.51231,-1.28997
2.98934,-4.46332,1.7574,-2.19671
3.13955,-4.80024,2.02245,-2.73751
3.24467,-5.12325,1.81119,-2.32444
3.5,-5.78319,0.9,-0.8
-2,-0.6,1.2,-0.6
2.34824,-3.5595,1.08021,-0.669312
2.95642,-4.02881,0.882252,-0.793813
3.15205,-4.77609,0.913419,-0.852424
3.1134,-4.84071,0.939145,-0.86053
3.37119,-5.44638,0.861352,-0.77831
3.5,-5.78319,0.9,-0.8
-2,-0.6,1.2,-0.6
1.92225,-3.29232,1.06601,-0.674576
3.00764,-4.57268,1.21851,-0.911975
3.14985,-4.86175,0.990824,-0.944421
3.24467,-5.12325,0.536778,-1.4867
3.39976,-5.34621,0.701006,-1.21672
3.5,-5.78319,0.9,-0.8
-2,-0.6,1.2,-0.6
1.92225,-3.29232,1.13934,-0.707479
3.00764,-4.57268,1.07869,-0.814958
3.14985,-4.86175,0.862648,-1.30965
3.24467,-5.12325,0.597314,-1.34884
3.39976,-5.34621,0.748657,-1.07442
3.5,-5.78319,0.9,-0.8
-2,-0.6,1.2,-0.6
-0.325789,-1.93785,1.15901,-0.662592
1.33019,-2.87393,1.11708,-0.719643
2.95642,-4.02881,1.08248,-0.990061
2.99057,-5.07991,1.10717,-1.12466
3.21353,-5.42613,0.975416,-0.91408
3.5,-5.78319,0.9,-0.8
-2,-0.6,1.2,-0.6
-0.325789,-1.93785,1.30525,-0.751115
1.33019,-2.87393,1.51231,-1.28997
2.95642,-4.02881,1.7574,-2.19671
2.99057,-5.07991,2.02245,-2.73751
3.21353,-5.42613,1.81119,-2.32444
3.5,-5.78319,0.9,-0.8
-2,-0.6,1.2,-0.6
-0.949287,-1.28983,1.42552,-0.915505
1.22493,-2.66564,1.51574,-1.05334
2.20285,-3.3593,1.83196,-0.786935
2.79597,-4.14581,1.3984,-1.29083
3.2347,-5.01056,1.08025,-0.901115
3.5,-5.78319,0.9,-0.8
-2,-0.6,1.2,-0.6
-0.949287,-1.28983,1.30633,-1.50403
1.22493,-2.66564,1.45659,-1.69398
2.20285,-3.3593,1.83919,-2.10505
2.79597,-4.14581,1.55514,-1.71845
3.2347,-5.01056,1.20276,-1.04499
3.5,-5.78319,0.9,-0.8
-2,-0.6,1.2,-0.6
-0.949287,-1.28983,1.2791,-0.695981
1.22493,-2.66564,1.09622,-0.848319
2.20285,-3.3593,1.03944,-0.904118
2.79597,-4.14581,0.98521,-0.894134
3.2347,-5.01056,0.939145,-0.86053
3.5,-5.78319,0.9,-0.8
-2,-0.6,1.2,-0.6
-0.949287,-1.28983,0.699735,0.204215
1.22493,-2.66564,0.153717,1.14917
2.20285,-3.3593,0.46362,1.04167
2.79597,-4.14581,0.884053,-0.748471
3.2347,-5.01056,0.852706,-0.830477
3.5,-5.78319,0.9,-0.8
-2,-0.6,1.2,-0.6
-0.949287,-1.28983,1.04576,-0.307443
1.22493,-2.66564,0.488984,0.83964
2.20285,-3.3593,0.390634,1.26985
2.79597,-4.14581,0.623104,-0.445364
3.2347,-5.01056,0.658467,-0.471682
3.5,-5.78319,0.9,-0.8
-2,-0.6,1.2,-0.6
-2.34851,0.297613,1.83326,-0.947461
-3.03645,2.15499,2.462,-1.27693
-3.45123,2.97019,2.72709,-1.47104
-4.32204,2.97658,2.50599,-1.32585
-5.14564,3.73356,1.2517,-1.14084
-2.78319,0.5,0.9,-0.8
-2,-0.6,1.2,-0.6
-0.844865,-1.73237,1.83326,-0.947461
0.816983,-2.75981,2.462,-1.27693
1.96319,-3.77171,2.72709,-1.47104
2.87162,-5.81879,2.50599,-1.32585
3.1749,-5.89948,1.2517,-1.14084
3.5,-5.78319,0.9,-0.8
-2,-0.6,1.2,-0.6
-2.98754,1.41231,1.83326,-0.947461
-3.91249,3.35558,2.462,-1.27693
-4.49517,4.43932,2.72709,-1.47104
-4.23615,3.7913,2.50599,-1.32585
-3.50967,2.14565,1.2517,-1.14084
-2.78319,0.5,0.9,-0.8
-2,-0.6,1.2,-0.6
-2.98754,1.41231,1.83326,-0.947461
-3.91249,3.35558,2.72709,-1.47104
-4.49517,4.43932,1.3517,-1.07417
-4.23615,3.7913,1.3589,-1.20012
-3.50967,2.14565,1.2517,-1.14084
-2.78319,0.5,0.9,-0.8
-2,-0.6,1.2,-0.6
-2.98754,1.41231,1.39713,-0.723194
-3.91249,3.35558,1.79139,-0.969582
-4.49517,4.43932,1.82677,-1.16007
-4.23615,3.7913,1.46895,-0.956724
-3.50967,2.14565,1.17213,-0.873194
-2.78319,0.5,0.9,-0.8
-2,-0.6,1.2,-0.6
-0.858959,-1.67506,1.83326,-0.947461
0.655847,-2.67226,2.462,-1.27693
1.67186,-3.46528,2.72709,-1.47104
2.41781,-4.27846,2.36652,-1.36159
2.85991,-5.89533,1.3517,-1.07417
3.5,-5.78319,0.9,-0.8
-2,-0.6,1.2,-0.6
-2.94399,1.36752,1.39713,-0.723194
-3.97762,3.25973,1.79139,-0.969582
-4.49517,4.43932,1.82677,-1.16007
-4.23615,3.7913,1.46895,-0.956724
-3.50967,2.14565,1.17213,-0.873194
-2.78319,0.5,0.9,-0.8
-2,-0.6,1.2,-0.6
-3.37919,1.6762,1.83326,-0.947461
-3.30319,1.51395,2.462,-1.27693
-3.37919,1.6762,2.72709,-1.47104
-3.54343,1.96011,2.36652,-1.36159
-3.48616,1.57877,1.3517,-1.07417
-2.78319,0.5,0.9,-0.8
-2,-0.6,1.2,-0.6
-3.37919,1.6762,1.39713,-0.723194
-3.30319,1.51395,1.79139,-0.969582
-3.37919,1.6762,1.82677,-1.16007
-3.54343,1.96011,1.46895,-0.956724
-3.48616,1.57877,1.17213,-0.873194
-2.78319,0.5,0.9,-0.8
-2,-0.6,1.2,-0.6
-1.08763,-1.28536,2.3733,-1.0263
0.816983,-2.75981,2.78066,-1.26152
2.19912,-3.85422,2.34084,-1.15514
2.87162,-5.81879,1.46963,-1.02605
3.1749,-5.89948,1.20498,-0.833168
3.5,-5.78319,0.9,-0.8
-2,-0.6,1.2,-0.6
0.816983,-2.75981,1.07639,-0.798387
1.67186,-3.46528,0.974769,-0.943798
2.41781,-4.27846,0.600789,-1.64561
2.58736,-5.2413,0.122315,-2.63898
2.87162,-5.81879,0.511157,-1.71949
3.5,-5.78319,0.9,-0.8
-2,-0.6,1.2,-0.6
-2.56795,0.50472,2.04033,-0.897425
-3.35243,1.98673,1.3589,-1.20012
-3.36431,1.96525,1.2517,-1.14084
-3.18791,1.49796,0.628823,-1.56504
-3.04411,1.14645,0.564449,-1.65214
-2.78319,0.5,0.9,-0.8
-2,-0.6,1.2,-0.6
-2.35612,-0.331607,2.04033,-0.897425
-2.70243,-0.376083,1.3589,-1.20012
-2.9584,-0.120615,1.2517,-1.14084
-2.96559,-0.0406257,0.628823,-1.56504
-2.95801,0.375363,0.564449,-1.65214
-2.78319,0.5,0.9,-0.8
-2,-0.6,1.2,-0.6
-2.25256,-0.381689,2.3733,-1.0263
-2.91041,0.10702,3.19398,-1.36606
-2.95347,0.329933,2.78066,-1.26152
-2.91298,0.395128,2.04033,-0.897425
-2.83995,0.443311,1.2517,-1.14084
-2.78319,0.5,0.9,-0.8
-2,-0.6,1.2,-0.6
-2.25256,-0.381689,0.961461,-1.64162
-2.91041,0.10702,0.823226,-2.13028
-2.95347,0.329933,0.670549,-2.62998
-2.91298,0.395128,0.645247,-2.35312
-2.83995,0.443311,0.772624,-1.57656
-2.78319,0.5,0.9,-0.8
-2,-0.6,1.2,-0.6
-2.65966,0.245403,0.961461,-1.64162
-3.25255,1.12478,0.823226,-2.13028
-3.71886,2.29186,0.670549,-2.62998
-3.49891,2.03483,0.645247,-2.35312
-3.163,1.36469,0.772624,-1.57656
-2.78319,0.5,0.9,-0.8
-2,-0.6,1.2,-0.6
-3.25255,1.12478,0.470497,1.71853
-4.32204,2.97658,0.0825807,2.92227
-5.14564,3.73356,-0.398353,3.93207
-4.81384,3.36228,-0.50737,4.97307
-3.50967,2.14565,-0.244471,5.84125
-2.78319,0.5,0.9,5.48319
-2,-0.6,1.2,-0.6
-3.25255,1.12478,-0.0444707,1.78579
-4.32204,2.97658,-1.28894,4.17158
-5.14564,3.73356,-1.85834,5.88395
-4.81384,3.36228,-1.38894,6.19931
-3.50967,2.14565,-0.261317,5.97354
-2.78319,0.5,0.9,5.48319
-2,-0.6,1.2,-0.6
-3.25255,1.12478,0.711157,-1.58616
-4.32204,2.97658,0.12853,-3.08536
-5.14564,3.73356,0.0471949,-2.68938
-4.86212,3.20361,0.467961,-1.77744
-3.50967,2.14565,0.195227,-1.90847
-2.78319,0.5,0.9,-0.8
-2,-0.6,1.2,-0.6
-1.13525,-2.62416,0.664946,-1.48715
-0.270501,-4.64833,0.12853,-3.08536
0.622567,-6.0396,0.122315,-2.63898
1.63292,-6.16252,0.467961,-1.77744
2.53142,-6.07962,0.195227,-1.90847
3.5,-5.78319,0.9,-0.8
-2,-0.6,1.2,-0.6
-2.13671,-0.503443,3.11791,-1.35325
-2.59363,-0.175811,5.88033,-2.46707
-2.86061,0.0250941,2.72709,-1.47104
-3.05641,0.300094,2.36652,-1.36159
-2.98522,0.374189,1.35998,-1.22164
-2.78319,0.5,0.9,-0.8
-2,-0.6,1.2,-0.6
-1.13525,-2.62416,0.130994,0.522274
-0.270501,-4.64833,-2.02967,2.90617
0.509565,-6.2063,-3.07602,3.88909
1.63292,-6.16252,-3.95227,4.80116
2.53142,-6.07962,-5.394,5.62
3.5,-5.78319,-5.38319,5.48319
-2,-0.6,1.2,-0.6
-3.48348,-3.73362,0.25267,-2.60855
-3.88541,-4.62705,-0.0271593,-3.03874
-3.73931,-5.22509,0.122315,-2.63898
-3.52102,-5.38455,0.467961,-1.77744
-3.03803,-5.51545,0.195227,-1.90847
-2.78319,-5.78319,0.9,-0.8
-2,-0.6,1.2,-0.6
-2.48634,0.412817,0.792936,-2.64928
-3.02766,1.52444,0.877609,-3.61847
-3.68394,3.34623,1.00097,-4.30711
-4.49517,4.43932,0.915248,-3.77005
-4.50278,4.40034,0.903812,-1.54251
-2.78319,0.5,0.9,-0.8
