robo1_q0,robo1_q1,robo2_q0,robo2_q1
-2,-0.6,1.2,-0.6
-2.0914,-0.376262,1.26943,-0.653093
-2.42967,-0.0342355,1.36577,-0.62916
-3.05808,0.872261,1.82994,-1.07183
-3.59389,1.46425,1.84718,-1.23796
-3.38146,1.10564,1.38225,-1.09682
-2.78319,0.5,0.9,-0.8
-2,-0.6,1.2,-0.6
-2.0914,-0.376262,1.58359,-1.032
-2.42967,-0.0342355,2.00745,-1.56355
-3.05808,0.872261,2.17733,-1.86583
-3.59389,1.46425,1.71426,-1.72161
-3.23306,0.95693,1.25982,-1.28079
-2.78319,0.5,0.9,-0.8
-2,-0.6,1.2,-0.6
-2.04356,-0.554372,1.54396,-0.912293
-2.20241,-0.338414,1.88792,-1.22459
-2.51226,0.277934,2.01699,-1.38472
-3.46538,1.59535,1.78792,-1.29125
-3.55758,1.34257,1.34396,-1.04563
-2.78319,0.5,0.9,-0.8
-2,-0.6,1.2,-0.6
-2.0914,-0.376262,1.49439,-0.894746
-2.42967,-0.0342355,2.00745,-1.56355
-3.05808,0.872261,2.17733,-1.86583
-3.59389,1.46425,1.71426,-1.72161
-3.23306,0.95693,1.25982,-1.28079
-2.78319,0.5,0.9,-0.8
-2,-0.6,1.2,-0.6
-2.0914,-0.376262,1.46829,-0.853331
-2.42967,-0.0342355,1.76529,-1.13959
-3.05808,0.872261,2.12932,-1.72216
-3.59389,1.46425,1.64779,-1.39504
-3.23306,0.95693,1.18457,-1.06265
-2.78319,0.5,0.9,-0.8
-2,-0.6,1.2,-0.6
-2.0914,-0.376262,1.46829,-0.853331
-2.42967,-0.0342355,1.76529,-1.13959
-3.05808,0.872261,2.12932,-1.72216
-3.59389,1.46425,1.64779,-1.39504
-3.23306,0.95693,1.18457,-1.06265
-2.78319,0.5,0.9,-0.8
-2,-0.6,1.2,-0.6
-2.08994,-0.500837,1.46829,-0.853331
-2.49384,-0.0547225,1.76529,-1.13959
-3.02038,0.865986,2.12932,-1.72216
-3.60919,1.66102,1.64779,-1.39504
-3.38146,1.10564,1.18457,-1.06265
-2.78319,0.5,0.9,-0.8
-2,-0.6,1.2,-0.6
-2.15262,-0.384686,1.46829,-0.853331
-2.45403,0.137166,1.76529,-1.13959
-2.99523,0.803165,2.12932,-1.72216
-3.25807,1.02028,1.64779,-1.39504
-3.27499,0.991601,1.18457,-1.06265
-2.78319,0.5,0.9,-0.8
-2,-0.6,1.2,-0.6
-2.08994,-0.500837,1.46829,-0.853331
-2.42967,-0.0342355,1.76529,-1.13959
-3.05808,0.872261,2.12932,-1.72216
-3.67681,1.3971,1.64779,-1.39504
-3.38146,1.10564,1.18457,-1.06265
-2.78319,0.5,0.9,-0.8
-2,-0.6,1.2,-0.6
-2.13007,-0.171299,1.61632,-1.18792
-2.50528,0.0234594,2.05464,-1.61486
-3.03664,0.889658,2.20416,-1.81364
-3.49188,1.42474,1.92852,-1.84599
-3.13658,1.04854,1.43732,-1.36438
-2.78319,0.5,0.9,-0.8
-2,-0.6,1.2,-0.6
-2.08994,-0.500837,1.46829,-0.853331
-2.42967,-0.0342355,1.61081,-0.975885
-3.05808,0.872261,2.14531,-1.64341
-3.67681,1.3971,1.69748,-1.44523
-3.38146,1.10564,1.18457,-1.06265
-2.78319,0.5,0.9,-0.8
-2,-0.6,1.2,-0.6
-1.91201,-0.573424,1.84172,-1.33361
-3.23707,1.33563,2.26328,-1.84107
-3.54152,1.49103,2.00282,-1.65011
-3.30219,1.20741,1.36454,-1.12705
-2.95786,0.727975,1.27946,-1.05872
-2.78319,0.5,0.9,-0.8
-2,-0.6,1.2,-0.6
-2.20713,-0.226314,1.84172,-1.33361
-2.47985,0.480794,2.26328,-1.84107
-3.38118,1.74726,2.00282,-1.65011
-3.39609,1.27141,1.36454,-1.12705
-3.12888,0.904179,1.27946,-1.05872
-2.78319,0.5,0.9,-0.8
-2,-0.6,1.2,-0.6
-2.06914,-0.535546,1.84172,-1.33361
-2.51061,0.280015,2.26328,-1.84107
-2.89605,0.868532,2.00282,-1.65011
-3.49188,1.42474,1.36454,-1.12705
-3.1555,0.98825,1.27946,-1.05872
-2.78319,0.5,0.9,-0.8
-2,-0.6,1.2,-0.6
-2.13007,-0.171299,1.499,-0.88558
-2.50528,0.0234594,1.76529,-1.13959
-3.03664,0.889658,2.03504,-1.17494
-3.49188,1.42474,1.86073,-1.4124
-3.13658,1.04854,1.43304,-1.15687
-2.78319,0.5,0.9,-0.8
-2,-0.6,1.2,-0.6
-2.20713,-0.226314,1.499,-0.88558
-2.47985,0.480794,1.76529,-1.13959
-3.38118,1.74726,2.03504,-1.17494
-3.39609,1.27141,1.86073,-1.4124
-3.12888,0.904179,1.43304,-1.15687
-2.78319,0.5,0.9,-0.8
-2,-0.6,1.2,-0.6
-1.91201,-0.573424,1.19833,-0.624877
-3.23707,1.33563,2.27981,-1.95018
-3.54152,1.49103,2.01419,-2.04432
-3.30219,1.20741,1.50639,-1.5223
-2.95786,0.727975,1.21186,-1.17896
-2.78319,0.5,0.9,-0.8
-2,-0.6,1.2,-0.6
-2.24413,-0.204651,1.19833,-0.624877
-2.45403,0.137166,2.27981,-1.95018
-2.99523,0.803165,2.01419,-2.04432
-3.25807,1.02028,1.50639,-1.5223
-3.27499,0.991601,1.21186,-1.17896
-2.78319,0.5,0.9,-0.8
-2,-0.6,1.2,-0.6
-2.24413,-0.204651,1.66969,-1.12194
-2.45403,0.137166,2.05464,-1.61486
-2.99523,0.803165,2.28439,-1.8683
-3.25807,1.02028,1.62121,-1.70799
-3.27499,0.991601,1.17646,-0.941057
-2.78319,0.5,0.9,-0.8
-2,-0.6,1.2,-0.6
-2.16247,-0.324349,1.19833,-0.624877
-2.70129,0.430032,2.27981,-1.95018
-3.59389,1.46425,2.01419,-2.04432
-3.47508,1.27615,1.52685,-1.48514
-3.23306,0.95693,1.074,-1.04289
-2.78319,0.5,0.9,-0.8
-2,-0.6,1.2,-0.6
-1.91201,-0.573424,1.76529,-1.13959
-1.91318,-0.50911,2.05464,-1.61486
-3.23707,1.33563,2.20416,-1.81364
-3.42227,1.62123,1.83196,-2.09843
-3.12888,0.904179,1.43732,-1.36438
-2.78319,0.5,0.9,-0.8
-2,-0.6,1.2,-0.6
-2.39278,0.141927,1.48265,-0.869797
-2.47985,0.480794,1.76529,-1.13959
-3.38118,1.74726,2.33058,-1.67919
-3.47491,1.61424,1.73891,-1.35557
-3.27037,0.957407,1.27225,-0.977568
-2.78319,0.5,0.9,-0.8
-2,-0.6,1.2,-0.6
-2.1018,-0.46599,1.48265,-0.869797
-2.20241,-0.338414,1.76529,-1.13959
-2.39537,-0.128294,2.33058,-1.67919
-3.44932,1.59646,1.73891,-1.35557
-3.78297,1.80904,1.27225,-0.977568
-2.78319,0.5,0.9,-0.8
-2,-0.6,1.2,-0.6
-2.1018,-0.46599,1.49759,-0.884553
-2.20241,-0.338414,2.09139,-1.44308
-2.39537,-0.128294,2.24166,-1.45844
-3.44932,1.59646,2.12932,-1.72216
-3.78297,1.80904,1.24982,-1.04977
-2.78319,0.5,0.9,-0.8
-2,-0.6,1.2,-0.6
-2.22548,-0.362381,2.1398,-1.36454
-2.59143,0.768872,2.33058,-1.67919
-3.27813,1.67107,2.15486,-1.63264
-3.49188,1.42474,1.73063,-1.39995
-3.16277,0.992366,1.56529,-1.27293
-2.78319,0.5,0.9,-0.8
-2,-0.6,1.2,-0.6
-2.08994,-0.500837,2.1398,-1.36454
-2.20241,-0.338414,2.33058,-1.67919
-2.9179,0.984596,2.15486,-1.63264
-3.91306,1.93541,1.73063,-1.39995
-3.49188,1.42474,1.56529,-1.27293
-2.78319,0.5,0.9,-0.8
-2,-0.6,1.2,-0.6
-2.08994,-0.500837,2.1398,-1.36454
-2.20241,-0.338414,2.33058,-1.67919
-2.9179,0.984596,2.15486,-1.63264
-3.91306,1.93541,1.73063,-1.39995
-3.49188,1.42474,1.56529,-1.27293
-2.78319,0.5,0.9,-0.8
-2,-0.6,1.2,-0.6
-2.08994,-0.500837,2.1398,-1.36454
-2.20241,-0.338414,2.33058,-1.67919
-2.42967,-0.0342355,2.15486,-1.63264
-3.79672,1.86954,1.73063,-1.39995
-3.49188,1.42474,1.56529,-1.27293
-2.78319,0.5,0.9,-0.8
-2,-0.6,1.2,-0.6
-2.20241,-0.338414,1.74506,-1.19977
-2.39537,-0.128294,2.29012,-1.79954
-2.91079,1.00991,2.51061,-2.09035
-3.79672,1.86954,2.19012,-1.86621
-3.49188,1.42474,1.54506,-1.3331
-2.78319,0.5,0.9,-0.8
-2,-0.6,1.2,-0.6
-2.20241,-0.338414,2.00745,-1.56355
-2.39537,-0.128294,2.28686,-1.95759
-2.91079,1.00991,2.38054,-2.47106
-3.79672,1.86954,1.85495,-1.97559
-3.49188,1.42474,1.43688,-1.52111
-2.78319,0.5,0.9,-0.8
-2,-0.6,1.2,-0.6
-2.08994,-0.500837,2.00745,-1.56355
-2.20241,-0.338414,2.28686,-1.95759
-2.95832,1.10215,2.38054,-2.47106
-3.91306,1.93541,1.85495,-1.97559
-3.49188,1.42474,1.43688,-1.52111
-2.78319,0.5,0.9,-0.8
-2,-0.6,1.2,-0.6
-2.08994,-0.500837,1.60905,-0.883052
-2.20241,-0.338414,2.0181,-1.1661
-2.95832,1.10215,2.22334,-1.34471
-3.91306,1.93541,2.07784,-1.35494
-3.49188,1.42474,1.4124,-1.1494
-2.78319,0.5,0.9,-0.8
-2,-0.6,1.2,-0.6
-2.28301,-0.29671,1.60905,-0.883052
-2.39537,-0.128294,2.0181,-1.1661
-2.91079,1.00991,2.22334,-1.34471
-3.79672,1.86954,2.07784,-1.35494
-3.49188,1.42474,1.4124,-1.1494
-2.78319,0.5,0.9,-0.8
-2,-0.6,1.2,-0.6
-2.08994,-0.500837,1.60905,-0.883052
-2.20241,-0.338414,2.0181,-1.1661
-2.99015,0.849675,2.22334,-1.34471
-3.91306,1.93541,2.07784,-1.35494
-3.49188,1.42474,1.4124,-1.1494
-2.78319,0.5,0.9,-0.8
-2,-0.6,1.2,-0.6
-2.10818,-0.315633,1.60905,-0.883052
-3.36386,1.44315,2.0181,-1.1661
-3.76488,2.00035,2.22334,-1.34471
-3.67234,1.78498,2.07784,-1.35494
-3.49312,1.43578,1.4124,-1.1494
-2.78319,0.5,0.9,-0.8
-2,-0.6,1.2,-0.6
-2.10818,-0.315633,2.03898,-2.25452
-3.36386,1.44315,2.24004,-2.70112
-3.76488,2.00035,2.05811,-2.48557
-3.67234,1.78498,1.56242,-1.9556
-3.49312,1.43578,1.13825,-1.12875
-2.78319,0.5,0.9,-0.8
-2,-0.6,1.2,-0.6
-2.11338,-0.304326,1.48265,-0.869797
-3.36386,1.44315,1.76529,-1.13959
-3.76488,2.00035,2.33058,-1.67919
-3.67234,1.78498,2.28394,-1.58269
-3.49188,1.42474,1.20763,-0.974452
-2.78319,0.5,0.9,-0.8
-2,-0.6,1.2,-0.6
-1.98237,-0.549968,1.76529,-1.13959
-2.71772,0.546706,2.26029,-1.6167
-3.36386,1.44315,2.45848,-1.85161
-3.67585,1.7859,1.63578,-1.27975
-3.76488,2.00035,1.2561,-1.02217
-2.78319,0.5,0.9,-0.8
-2,-0.6,1.2,-0.6
-2.3885,0.160653,1.76529,-1.13959
-2.94147,1.12687,2.26029,-1.6167
-3.76174,2.12151,2.45848,-1.85161
-3.91306,1.93541,1.63578,-1.27975
-3.49188,1.42474,1.2561,-1.02217
-2.78319,0.5,0.9,-0.8
-2,-0.6,1.2,-0.6
-2.09771,-0.636901,1.76529,-1.13959
-2.25014,-0.366202,2.09139,-1.44308
-2.9337,0.675835,2.27748,-1.37325
-3.62311,1.6055,2.13386,-1.6303
-3.89277,1.87442,1.08374,-0.885652
-2.78319,0.5,0.9,-0.8
-2,-0.6,1.2,-0.6
-2.10818,-0.315633,2.1398,-1.36454
-3.35866,1.40675,2.33058,-1.67919
-3.76488,2.00035,2.13999,-1.45308
-3.79672,1.86954,1.73063,-1.39995
-3.69059,1.69676,1.55231,-1.17376
-2.78319,0.5,0.9,-0.8
-2,-0.6,1.2,-0.6
-2.05043,-0.535378,1.53827,-0.731014
-2.96947,0.746021,1.70141,-0.791158
-3.58634,1.57101,2.27459,-1.37736
-3.95129,1.877,1.86073,-1.4124
-3.46611,1.21607,1.40085,-1.15633
-2.78319,0.5,0.9,-0.8
-2,-0.6,1.2,-0.6
-2.07404,-0.515567,1.98414,-1.23976
-2.20241,-0.338414,2.33058,-1.67919
-3.76488,2.00035,2.42284,-1.71775
-3.79672,1.86954,2.28394,-1.58269
-3.63777,1.54165,1.22931,-1.04666
-2.78319,0.5,0.9,-0.8
-2,-0.6,1.2,-0.6
-2.3885,0.160653,1.98414,-1.23976
-3.09898,1.13622,2.33058,-1.67919
-3.86545,2.19559,2.42284,-1.71775
-3.84356,1.79749,2.28394,-1.58269
-3.39609,1.27141,1.22931,-1.04666
-2.78319,0.5,0.9,-0.8
-2,-0.6,1.2,-0.6
-1.98882,-0.559137,1.48265,-0.869797
-3.09898,1.13622,1.90992,-1.27489
-3.76174,2.12151,2.56026,-1.94264
-3.84705,2.11148,1.21204,-1.02416
-3.49188,1.42474,1.03438,-0.896894
-2.78319,0.5,0.9,-0.8
-2,-0.6,1.2,-0.6
-2.16349,-0.215865,1.48265,-0.869797
-2.3885,0.160653,1.90992,-1.27489
-3.76174,2.12151,2.56026,-1.94264
-3.91306,1.93541,1.21204,-1.02416
-3.49188,1.42474,1.03438,-0.896894
-2.78319,0.5,0.9,-0.8
-2,-0.6,1.2,-0.6
-1.77827,-1.39728,1.91649,-1.65709
-1.55654,-2.19456,2.64636,-2.6886
-1.52695,-2.45695,2.10601,-2.30329
-1.8176,-1.82789,1.77641,-1.94089
-2.30039,-0.663944,1.51981,-1.59948
-2.78319,0.5,0.9,-0.8
-2,-0.6,1.2,-0.6
-2.42967,-0.0342355,1.76529,-1.13959
-2.79745,0.915214,2.09139,-1.44308
-3.78281,2.039,2.24166,-1.45844
-3.36386,1.44315,2.13386,-1.6303
-3.49188,1.42474,0.878796,-0.903502
-2.78319,0.5,0.9,-0.8
-2,-0.6,1.2,-0.6
-2.24809,-0.32871,1.26943,-0.653093
-2.53367,0.0314898,1.36577,-0.62916
-2.86131,-0.00352733,1.90992,-1.27489
-3.1966,0.181114,2.56026,-1.94264
-3.019,0.305898,1.23964,-1.04222
-2.78319,0.5,0.9,-0.8
-2,-0.6,1.2,-0.6
-2.01979,-0.561434,1.48265,-0.869797
-2.07072,-0.507772,1.90992,-1.27489
-2.92145,0.284825,2.63634,-1.99174
-3.34248,0.800263,1.56529,-1.27293
-3.15728,0.737338,1.21204,-1.02416
-2.78319,0.5,0.9,-0.8
-2,-0.6,1.2,-0.6
-2.21394,-0.23409,1.48265,-0.869797
-3.29267,1.15904,1.90992,-1.27489
-3.87038,1.88397,2.33058,-1.67919
-3.89277,1.87442,2.61806,-2.08099
-3.57211,1.39201,1.23964,-1.04222
-2.78319,0.5,0.9,-0.8
-2,-0.6,1.2,-0.6
-2.01979,-0.561434,2.02937,-1.3915
-2.07072,-0.507772,2.5079,-1.75553
-2.92145,0.284825,2.56026,-1.94264
-3.34248,0.800263,1.56529,-1.27293
-3.15728,0.737338,1.10594,-0.937404
-2.78319,0.5,0.9,-0.8
-2,-0.6,1.2,-0.6
-2.24809,-0.32871,2.48507,-2.49234
-2.53367,0.0314898,2.56684,-2.86966
-2.86131,-0.00352733,2.63536,-2.79772
-3.1966,0.181114,2.39484,-2.66541
-3.019,0.305898,1.78136,-2.12592
-2.78319,0.5,0.9,-0.8
-2,-0.6,1.2,-0.6
-2.21394,-0.23409,2.02937,-1.3915
-3.29267,1.15904,2.65455,-1.91702
-3.87038,1.88397,2.56026,-1.94264
-3.89277,1.87442,1.56529,-1.27293
-3.57211,1.39201,1.23964,-1.04222
-2.78319,0.5,0.9,-0.8
-2,-0.6,1.2,-0.6
-2.05043,-0.535378,2.33058,-1.67919
-2.9748,0.702431,2.26029,-1.6167
-3.93357,1.73823,2.56015,-2.04282
-3.84899,1.57245,1.56529,-1.27293
-3.36018,1.07753,1.30375,-1.19962
-2.78319,0.5,0.9,-0.8
-2,-0.6,1.2,-0.6
-2.06617,-0.492653,2.67632,-2.79202
-2.69827,0.344317,2.40183,-2.56441
-3.15376,1.07658,1.95161,-1.86574
-3.48736,1.3308,1.60345,-1.67584
-3.39292,1.22591,1.11427,-1.42835
-2.78319,0.5,0.9,-0.8
-2,-0.6,1.2,-0.6
-2.33816,-0.332222,1.98687,-1.5457
-2.42967,-0.0342355,2.75409,-2.10934
-2.87788,1.06818,3.3308,-2.25775
-3.79672,1.86954,2.52357,-2.08433
-3.63777,1.54165,1.44439,-1.37217
-2.78319,0.5,0.9,-0.8
-2,-0.6,1.2,-0.6
-2.10818,-0.315633,1.98687,-1.5457
-3.51886,1.44764,2.75409,-2.10934
-3.76488,2.00035,3.3308,-2.25775
-3.72315,2.03033,2.52357,-2.08433
-3.49188,1.42474,1.44439,-1.37217
-2.78319,0.5,0.9,-0.8
-2,-0.6,1.2,-0.6
-2.1813,-0.40377,1.36029,-0.959384
-2.26904,-0.260871,2.33058,-1.67919
-3.85584,1.75168,2.854,-1.81622
-3.84899,1.57245,1.56529,-1.27293
-3.2619,1.06882,1.12176,-0.957642
-2.78319,0.5,0.9,-0.8
-2,-0.6,1.2,-0.6
-2.43567,0.11304,2.95114,-2.03617
-3.0474,0.803217,2.77379,-1.97549
-3.74078,1.17636,2.4005,-1.72359
-3.77243,1.20763,1.63578,-1.27975
-3.24819,0.639779,1.29876,-1.22517
-2.78319,0.5,0.9,-0.8
-2,-0.6,1.2,-0.6
-2.43567,0.11304,1.63311,-0.890591
-3.0474,0.803217,2.07921,-1.26797
-3.74078,1.17636,2.66567,-2.03588
-3.77243,1.20763,2.85843,-2.00261
-3.24819,0.639779,1.29844,-0.905672
-2.78319,0.5,0.9,-0.8
-2,-0.6,1.2,-0.6
-2.1813,-0.40377,1.28204,-0.658738
-2.36076,-0.34943,1.49784,-0.880173
-2.64934,-0.297355,3.28112,-3.14897
-3.16334,0.295967,1.67046,-1.85161
-3.51703,0.662312,1.13979,-1.21
-2.78319,0.5,0.9,-0.8
-2,-0.6,1.2,-0.6
-2.1813,-0.40377,2.07921,-1.26797
-2.36076,-0.34943,2.75409,-2.10934
-2.64934,-0.297355,3.20541,-2.20143
-3.16334,0.295967,2.56015,-2.04282
-3.51703,0.662312,1.56529,-1.27293
-2.78319,0.5,0.9,-0.8
-2,-0.6,1.2,-0.6
-2.32296,0.158645,2.07921,-1.26797
-2.59052,0.54571,2.75409,-2.10934
-3.38118,1.74726,3.20541,-2.20143
-3.55445,1.56357,2.56015,-2.04282
-3.75772,2.22531,1.56529,-1.27293
-2.78319,0.5,0.9,-0.8
-2,-0.6,1.2,-0.6
-2.24413,-0.204651,1.68908,-0.731207
-2.48827,0.190698,2.14837,-0.950193
-3.20568,0.956459,2.85843,-2.00261
-2.9337,0.675835,2.14771,-1.52652
-3.89277,1.87442,1.29844,-0.905672
-2.78319,0.5,0.9,-0.8
-2,-0.6,1.2,-0.6
-2.22911,-0.438345,1.68908,-0.731207
-2.55978,-0.346539,2.14837,-0.950193
-3.05808,0.872261,2.85843,-2.00261
-3.76488,2.00035,2.14771,-1.52652
-3.72049,1.67594,1.29844,-0.905672
-2.78319,0.5,0.9,-0.8
-2,-0.6,1.2,-0.6
-1.91201,-0.573424,1.35085,-0.736525
-2.24454,-0.230445,1.55575,-0.840601
-3.85584,1.75168,3.28112,-3.14897
-3.78885,1.67154,1.67046,-1.85161
-3.38146,1.10564,1.13979,-1.21
-2.78319,0.5,0.9,-0.8
-2,-0.6,1.2,-0.6
-2.29763,-0.160984,2.14837,-0.950193
-3.51926,1.25822,2.95114,-2.03617
-4.19022,1.94674,2.3259,-1.56406
-3.86266,1.50978,1.56887,-1.11667
-3.27269,1.07939,1.29844,-0.905672
-2.78319,0.5,0.9,-0.8
-2,-0.6,1.2,-0.6
-2.43567,0.11304,2.14837,-0.950193
-3.00777,0.660457,2.95114,-2.03617
-3.74078,1.17636,2.3259,-1.56406
-3.94396,1.2791,1.56887,-1.11667
-3.57936,0.949203,1.29844,-0.905672
-2.78319,0.5,0.9,-0.8
-2,-0.6,1.2,-0.6
-2.43567,0.11304,1.60493,-0.973082
-3.00777,0.660457,2.08752,-1.51317
-3.74078,1.17636,3.44598,-3.29916
-3.94396,1.2791,1.57468,-1.79034
-3.57936,0.949203,1.13979,-1.21
-2.78319,0.5,0.9,-0.8
-2,-0.6,1.2,-0.6
-2.36576,-0.0117317,2.07921,-1.26797
-3.39608,1.24231,2.66567,-2.03588
-4.00376,1.81715,3.3308,-2.25775
-4.29739,2.05953,2.85843,-2.00261
-3.71033,1.50854,1.20158,-0.870012
-2.78319,0.5,0.9,-0.8
-2,-0.6,1.2,-0.6
-2.05043,-0.535378,2.07921,-1.26797
-2.243,-0.276055,2.66567,-2.03588
-2.9337,0.675835,3.3308,-2.25775
-4.29739,2.05953,2.93785,-1.93998
-3.62214,1.36374,1.27564,-0.856926
-2.78319,0.5,0.9,-0.8
-2,-0.6,1.2,-0.6
-2.09106,-0.441754,2.07921,-1.26797
-2.29763,-0.160984,2.66567,-2.03588
-4.12815,1.86966,3.3308,-2.25775
-3.84899,1.57245,2.93785,-1.93998
-3.36137,1.07986,1.27564,-0.856926
-2.78319,0.5,0.9,-0.8
-2,-0.6,1.2,-0.6
-2.07072,-0.507772,2.07921,-1.26797
-2.2282,-0.366536,2.66567,-2.03588
-3.62107,0.756781,3.3308,-2.25775
-3.80713,0.948436,2.93785,-1.93998
-3.60199,1.03384,1.27564,-0.856926
-2.78319,0.5,0.9,-0.8
-2,-0.6,1.2,-0.6
-1.94527,-0.55296,1.89687,-0.87801
-2.37742,-0.560283,2.66567,-2.03588
-2.88775,-0.69706,3.3308,-2.25775
-2.98488,-0.675251,2.85843,-2.00261
-2.9503,-0.507213,1.29844,-0.905672
-2.78319,0.5,0.9,-0.8
-2,-0.6,1.2,-0.6
-2.72483,0.52546,1.89687,-0.87801
-3.39608,1.24231,2.66567,-2.03588
-4.23547,1.95093,3.3308,-2.25775
-4.50196,2.2754,2.85843,-2.00261
-4.40395,2.06121,1.29844,-0.905672
-2.78319,0.5,0.9,-0.8
-2,-0.6,1.2,-0.6
-1.99165,-0.453175,1.89687,-0.87801
-2.43063,0.0267935,2.66567,-2.03588
-4.24393,2.01108,3.3308,-2.25775
-4.19022,1.94674,2.85843,-2.00261
-3.36018,1.07753,1.29844,-0.905672
-2.78319,0.5,0.9,-0.8
-2,-0.6,1.2,-0.6
-2.06289,-0.580373,2.02995,-1.83393
-2.1813,-0.40377,2.71878,-2.81327
-3.98996,1.02008,1.02016,-0.686467
-3.43117,0.661605,1.64593,-1.19633
-3.01822,0.503001,1.14221,-0.958143
-2.78319,0.5,0.9,-0.8
-2,-0.6,1.2,-0.6
-2.10093,-0.471614,1.0414,-0.206129
-2.61495,0.101634,0.701666,0.682511
-3.4502,0.985372,0.287786,2.19436
-4.39959,1.58534,0.495528,3.24847
-3.84393,1.08597,0.718246,4.91434
-2.78319,0.5,0.9,5.48319
-2,-0.6,1.2,-0.6
-2.10093,-0.471614,0.943927,0.0470071
-2.61495,0.101634,0.733568,0.609189
-3.4502,0.985372,0.640435,0.87062
-4.39959,1.58534,0.226588,2.79786
-3.84393,1.08597,0.619359,3.3687
-2.78319,0.5,0.9,5.48319
-2,-0.6,1.2,-0.6
-2.10093,-0.471614,0.723572,0.576753
-2.61495,0.101634,0.677921,0.671593
-3.4502,0.985372,0.301882,2.7992
-4.39959,1.58534,0.619359,3.3687
-3.84393,1.08597,0.766517,4.32428
-2.78319,0.5,0.9,5.48319
-2,-0.6,1.2,-0.6
-2.10093,-0.471614,1.62272,-1.31641
-2.61495,0.101634,1.53868,-1.17578
-3.4502,0.985372,1.32592,-1.06252
-4.39959,1.58534,1.0421,-0.8995
-3.84393,1.08597,0.97105,-0.84975
-2.78319,0.5,0.9,-0.8
-2,-0.6,1.2,-0.6
-1.77821,-0.867499,1.13015,-0.350164
-2.50711,-0.13251,0.365693,2.2935
-3.74078,1.17636,0.470817,3.17421
-4.28146,1.70324,0.68296,3.96868
-3.57936,0.949203,0.797744,4.73598
-2.78319,0.5,0.9,5.48319
-2,-0.6,1.2,-0.6
-2.24809,-0.32871,0.83246,0.440188
-2.42693,0.119532,0.733568,0.609189
-4.30467,1.66909,0.640435,0.87062
-3.53747,0.979367,0.455285,2.92884
-3.34248,0.800263,0.877052,4.68856
-2.78319,0.5,0.9,5.48319
-2,-0.6,1.2,-0.6
-2.13007,-0.171299,1.13015,-0.350164
-2.45845,-0.095773,0.365693,2.2935
-3.74078,1.17636,0.470817,3.17421
-4.14158,1.48214,0.68296,3.96868
-4.3161,1.63334,0.797744,4.73598
-2.78319,0.5,0.9,5.48319
-2,-0.6,1.2,-0.6
-2.13007,-0.171299,0.87955,0.208404
-2.45845,-0.095773,0.533166,1.1821
-3.74078,1.17636,0.287786,2.19436
-4.14158,1.48214,0.758736,4.4682
-4.3161,1.63334,0.737553,5.06244
-2.78319,0.5,0.9,5.48319
-2,-0.6,1.2,-0.6
-2.09771,-0.636901,0.676625,-0.0532206
-2.13007,-0.171299,0.286046,0.641682
-2.50711,-0.13251,0.0510564,0.9057
-3.74078,1.17636,0.0248197,0.904385
-3.85364,0.867509,0.717626,-0.725762
-2.78319,0.5,0.9,-0.8
-2,-0.6,1.2,-0.6
-2.07072,-0.507772,0.909294,0.300194
-2.26551,-0.507096,0.660399,1.19319
-2.56341,-0.139242,0.47968,2.08631
-3.17642,0.302779,0.506963,3.12509
-3.16797,0.694558,0.619359,3.3687
-2.78319,0.5,0.9,5.48319
-2,-0.6,1.2,-0.6
-2.07072,-0.507772,0.96349,-0.0575377
-2.26551,-0.507096,0.453401,1.66127
-2.56341,-0.139242,0.262166,2.62199
-3.17642,0.302779,0.455285,2.92884
-3.16797,0.694558,0.752394,4.32128
-2.78319,0.5,0.9,5.48319
-2,-0.6,1.2,-0.6
-2.07072,-0.507772,0.877243,0.221183
-2.39053,-0.294772,0.561514,1.216
-2.56341,-0.139242,0.391261,3.16164
-3.17642,0.302779,0.68296,3.96868
-3.46857,0.694839,0.809859,4.72978
-2.78319,0.5,0.9,5.48319
-2,-0.6,1.2,-0.6
-2.07072,-0.507772,1.21636,-0.563991
-2.39053,-0.294772,1.04244,-0.566699
-2.56341,-0.139242,0.874992,-0.179738
-3.17642,0.302779,0.519721,0.287393
-3.46857,0.694839,0.369721,0.187393
-2.78319,0.5,0.9,-0.8
-2,-0.6,1.2,-0.6
-0.35182,-2.28358,0.817172,0.466953
1.60325,-3.85344,0.533648,1.11027
2.01418,-4.2486,0.3397,1.88771
2.36191,-4.59474,0.421156,2.62503
3.21417,-5.43599,0.638986,3.90239
3.5,-5.78319,0.9,5.48319
-2,-0.6,1.2,-0.6
-0.410114,-2.269,1.19621,-0.48863
1.09081,-3.56334,1.08066,-0.483775
2.33124,-4.56764,0.519721,0.287393
2.92414,-5.29107,0.377764,0.688214
3.21207,-5.53713,0.369721,0.187393
3.5,-5.78319,0.9,-0.8
-2,-0.6,1.2,-0.6
-0.410114,-2.269,1.47059,-1.68787
1.09081,-3.56334,1.74118,-2.77575
2.33124,-4.56764,1.83691,-3.28842
2.92414,-5.29107,1.64118,-2.84241
3.21207,-5.53713,1.27059,-1.82121
3.5,-5.78319,0.9,-0.8
-2,-0.6,1.2,-0.6
-0.410114,-2.269,1.03702,-0.845157
1.09081,-3.56334,0.874047,-1.09031
2.33124,-4.56764,0.772695,-1.21993
2.92414,-5.29107,0.774047,-1.15698
3.21207,-5.53713,0.837024,-0.978491
3.5,-5.78319,0.9,-0.8
-2,-0.6,1.2,-0.6
-0.436302,-2.28644,0.830834,-0.0579161
1.09081,-3.56334,0.461667,0.484168
2.29327,-4.70802,0.266592,0.712388
2.92414,-5.29107,0.361667,0.417501
3.21207,-5.53713,0.630834,-0.191249
3.5,-5.78319,0.9,-0.8
-2,-0.6,1.2,-0.6
-1.39167,-1.26358,1.30874,-0.735652
0.0296868,-2.67431,1.56849,-0.829555
1.09081,-3.56334,1.45121,-1.05696
2.96824,-5.2768,1.28287,-0.982952
3.21207,-5.53713,1.19091,-1.04585
3.5,-5.78319,0.9,-0.8
-2,-0.6,1.2,-0.6
-1.39167,-1.26358,1.35454,-0.71743
0.0296868,-2.67431,1.74933,-0.998886
1.09081,-3.56334,1.58862,-1.00229
2.92414,-5.29107,1.3793,-0.944589
3.21207,-5.53713,1.12954,-0.86743
3.5,-5.78319,0.9,-0.8
-2,-0.6,1.2,-0.6
-1.39167,-1.26358,1.43121,-0.867947
0.0296868,-2.67431,1.52841,-0.998372
1.09081,-3.56334,1.50076,-1.3107
2.92414,-5.29107,1.43486,-1.11906
3.21207,-5.53713,1.21204,-1.02416
3.5,-5.78319,0.9,-0.8
-2,-0.6,1.2,-0.6
-1.39167,-1.26358,1.22949,-0.671588
0.0296868,-2.67431,1.26603,-0.748079
1.09081,-3.56334,1.28846,-0.814763
2.92414,-5.29107,1.21346,-0.864763
3.21207,-5.53713,1.11603,-0.848079
3.5,-5.78319,0.9,-0.8
-2,-0.6,1.2,-0.6
-1.39167,-1.26358,1.48265,-0.869797
0.0296868,-2.67431,1.71163,-1.07956
1.09081,-3.56334,1.66764,-1.20895
2.92414,-5.29107,1.49666,-1.07148
3.21207,-5.53713,1.14221,-0.958143
3.5,-5.78319,0.9,-0.8
-2,-0.6,1.2,-0.6
-0.410114,-2.269,1.01043,-0.336558
1.09081,-3.56334,0.941237,0.0707262
2.29327,-4.70802,0.533166,1.1821
2.92414,-5.29107,0.262166,2.62199
3.21207,-5.53713,0.619359,3.3687
3.5,-5.78319,0.9,5.48319
-2,-0.6,1.2,-0.6
-0.410114,-2.269,1.1556,-0.450061
1.09081,-3.56334,1.00834,-0.255439
2.29327,-4.70802,0.891965,-0.0849461
2.92414,-5.29107,0.399067,0.414019
3.21207,-5.53713,0.806075,-0.572372
3.5,-5.78319,0.9,-0.8
-2,-0.6,1.2,-0.6
-0.410114,-2.269,1.04361,-0.474482
1.09081,-3.56334,0.874992,-0.179738
2.29327,-4.70802,0.519721,0.287393
2.92414,-5.29107,0.377764,0.688214
3.21207,-5.53713,0.0104323,0.784575
3.5,-5.78319,0.9,-0.8
-2,-0.6,1.2,-0.6
-0.410114,-2.269,1.0331,-0.483376
1.09081,-3.56334,0.597907,0.194715
2.29327,-4.70802,0.399067,0.414019
2.92414,-5.29107,0.700015,-0.406918
3.21207,-5.53713,0.806318,-0.6302
3.5,-5.78319,0.9,-0.8
-2,-0.6,1.2,-0.6
-0.410114,-2.269,0.723572,0.576753
1.09081,-3.56334,0.677921,0.671593
2.29327,-4.70802,0.301882,2.7992
2.92414,-5.29107,0.619359,3.3687
3.21207,-5.53713,0.766517,4.32428
3.5,-5.78319,0.9,5.48319
-2,-0.6,1.2,-0.6
-0.410114,-2.269,0.723572,0.576753
1.09081,-3.56334,0.677921,0.671593
2.29327,-4.70802,0.301882,2.7992
2.92414,-5.29107,0.619359,3.3687
3.21207,-5.53713,0.766517,4.32428
3.5,-5.78319,0.9,5.48319
-2,-0.6,1.2,-0.6
-0.410114,-2.269,1.13015,-0.350164
1.09081,-3.56334,0.365693,2.2935
2.29327,-4.70802,0.470817,3.17421
2.92414,-5.29107,0.68296,3.96868
3.21207,-5.53713,0.797744,4.73598
3.5,-5.78319,0.9,5.48319
-2,-0.6,1.2,-0.6
-1.39167,-1.26358,0.937205,0.0435571
0.0296868,-2.67431,0.640435,0.87062
1.09081,-3.56334,0.180389,1.76766
2.29327,-4.70802,0.229324,2.88087
2.92414,-5.29107,0.381107,3.11827
3.5,-5.78319,0.9,5.48319
-2,-0.6,1.2,-0.6
-0.410114,-2.269,0.723572,0.576753
1.19354,-3.46217,0.819121,0.54075
2.08329,-4.49272,0.405306,1.86362
3.1647,-5.5067,0.381107,3.11827
3.21207,-5.53713,0.766517,4.32428
3.5,-5.78319,0.9,5.48319
-2,-0.6,1.2,-0.6
-0.410114,-2.269,0.57339,0.782595
1.19354,-3.46217,0.250279,2.28576
2.08329,-4.49272,0.640215,3.89112
3.1647,-5.5067,0.982417,4.37803
3.21207,-5.53713,0.965076,4.88712
3.5,-5.78319,0.9,5.48319
-2,-0.6,1.2,-0.6
-0.410114,-2.269,0.57339,0.782595
1.19354,-3.46217,0.250279,2.28576
2.08329,-4.49272,0.640215,3.89112
3.1647,-5.5067,0.982417,4.37803
3.21207,-5.53713,0.965076,4.88712
3.5,-5.78319,0.9,5.48319
-2,-0.6,1.2,-0.6
1.13609,-3.44843,0.817172,0.466953
1.76316,-4.03669,0.3397,1.88771
2.0932,-4.31945,0.287786,2.19436
2.67355,-4.93493,0.311514,2.28155
3.04503,-5.31679,0.421156,2.62503
3.5,-5.78319,0.9,5.48319
-2,-0.6,1.2,-0.6
1.13609,-3.44843,1.76933,-0.909243
1.76316,-4.03669,2.13645,-1.18217
2.0932,-4.31945,1.13422,-0.862002
2.67355,-4.93493,1.01711,-0.831001
3.04503,-5.31679,0.958556,-0.815501
3.5,-5.78319,0.9,-0.8
-2,-0.6,1.2,-0.6
-0.695105,-1.77559,1.42688,-0.583082
0.60979,-2.95118,1.35576,-0.58148
1.70292,-3.95674,1.2516,-0.60848
2.44312,-4.67891,1.01551,-0.577184
2.97156,-5.23105,1.10017,-0.669938
3.5,-5.78319,0.9,-0.8
-2,-0.6,1.2,-0.6
-1.1995,-1.45792,1.01043,-0.336558
0.325132,-2.9125,0.941237,0.0707262
2.08329,-4.49272,0.533166,1.1821
2.92414,-5.29107,0.262166,2.62199
3.21207,-5.53713,0.619359,3.3687
3.5,-5.78319,0.9,5.48319
-2,-0.6,1.2,-0.6
-1.27405,-1.32584,0.909294,0.300194
0.0296868,-2.67431,0.660399,1.19319
1.09081,-3.56334,0.47968,2.08631
2.92414,-5.29107,0.506963,3.12509
3.21207,-5.53713,0.619359,3.3687
3.5,-5.78319,0.9,5.48319
-2,-0.6,1.2,-0.6
-1.27405,-1.32584,1.01043,-0.336558
0.0296868,-2.67431,0.941237,0.0707262
1.09081,-3.56334,0.533166,1.1821
2.92414,-5.29107,0.262166,2.62199
3.21207,-5.53713,0.619359,3.3687
3.5,-5.78319,0.9,5.48319
-2,-0.6,1.2,-0.6
-1.1995,-1.45792,0.96349,-0.0575377
0.325132,-2.9125,0.453401,1.66127
1.09081,-3.56334,0.262166,2.62199
3.1647,-5.5067,0.455285,2.92884
3.35604,-5.66016,0.752394,4.32128
3.5,-5.78319,0.9,5.48319
-2,-0.6,1.2,-0.6
-1.1995,-1.45792,0.496254,1.38656
0.325132,-2.9125,0.371928,2.24669
1.09081,-3.56334,0.730301,4.25524
3.1647,-5.5067,0.982417,4.37803
3.35604,-5.66016,0.877052,4.68856
3.5,-5.78319,0.9,5.48319
-2,-0.6,1.2,-0.6
-1.1995,-1.45792,0.94157,0.360672
0.325132,-2.9125,0.640435,0.87062
1.09081,-3.56334,0.229324,2.88087
3.1647,-5.5067,0.615471,3.31364
3.35604,-5.66016,0.864547,5.15986
3.5,-5.78319,0.9,5.48319
-2,-0.6,1.2,-0.6
-0.410114,-2.269,0.83246,0.440188
1.09081,-3.56334,0.733568,0.609189
2.29327,-4.70802,0.640435,0.87062
3.07426,-5.29368,0.455285,2.92884
3.21207,-5.53713,0.877052,4.68856
3.5,-5.78319,0.9,5.48319
-2,-0.6,1.2,-0.6
-0.410114,-2.269,1.62272,-1.31641
1.09081,-3.56334,1.53868,-1.17578
2.29327,-4.70802,1.32592,-1.06252
3.07426,-5.29368,1.0421,-0.8995
3.21207,-5.53713,0.97105,-0.84975
3.5,-5.78319,0.9,-0.8
-2,-0.6,1.2,-0.6
-1.39167,-1.26358,1.27681,-0.469061
1.09081,-3.56334,1.12392,-0.420482
2.29327,-4.70802,1.14571,-0.642994
2.92414,-5.29107,1.10257,-0.681605
3.21207,-5.53713,1.06079,-0.701504
3.5,-5.78319,0.9,-0.8
-2,-0.6,1.2,-0.6
-1.39167,-1.26358,0.676625,-0.0532206
1.09081,-3.56334,0.407624,0.623108
2.29327,-4.70802,0.102992,0.871964
2.92414,-5.29107,0.0510564,0.9057
3.21207,-5.53713,0.141595,0.863954
3.5,-5.78319,0.9,-0.8
-2,-0.6,1.2,-0.6
-1.17127,-1.36022,1.39878,-0.756263
-0.761035,-1.9887,1.59757,-0.912526
1.09081,-3.56334,1.46441,-0.960044
2.97237,-5.26933,1.29844,-0.905672
3.21207,-5.53713,1.16562,-0.870448
3.5,-5.78319,0.9,-0.8
-2,-0.6,1.2,-0.6
-1.12247,-1.45353,0.676625,-0.0532206
0.0296868,-2.67431,0.286046,0.641682
1.09081,-3.56334,0.0510564,0.9057
2.92414,-5.29107,0.186046,0.575015
3.21207,-5.53713,0.527219,-0.473269
3.5,-5.78319,0.9,-0.8
-2,-0.6,1.2,-0.6
-1.12247,-1.45353,1.02715,-0.315713
0.0296868,-2.67431,0.840047,0.00113041
1.09081,-3.56334,0.681442,0.252861
2.92414,-5.29107,0.67174,-0.14529
3.21207,-5.53713,0.802147,-0.465713
3.5,-5.78319,0.9,-0.8
-2,-0.6,1.2,-0.6
-1.17127,-1.36022,0.637191,0.0931019
-0.749657,-2.10749,0.286046,0.641682
1.09081,-3.56334,0.102992,0.871964
2.89293,-5.29011,-0.0821432,0.815964
3.21207,-5.53713,0.0101435,0.852475
3.5,-5.78319,0.9,-0.8
-2,-0.6,1.2,-0.6
-1.17127,-1.36022,0.637191,0.0931019
-0.717587,-1.95806,0.286046,0.641682
1.09081,-3.56334,0.102992,0.871964
2.92414,-5.29107,-0.0821432,0.815964
3.21207,-5.53713,0.0101435,0.852475
3.5,-5.78319,0.9,-0.8
-2,-0.6,1.2,-0.6
-1.23077,-1.27517,1.02715,-0.315713
0.0296868,-2.67431,0.840047,0.00113041
2.29327,-4.70802,0.681442,0.252861
2.92414,-5.29107,0.67174,-0.14529
3.21207,-5.53713,0.802147,-0.465713
3.5,-5.78319,0.9,-0.8
-2,-0.6,1.2,-0.6
-0.410114,-2.269,1.04361,-0.474482
1.09081,-3.56334,0.874992,-0.179738
2.29327,-4.70802,0.519721,0.287393
3.091,-5.20785,0.377764,0.688214
3.21207,-5.53713,0.0104323,0.784575
3.5,-5.78319,0.9,-0.8
-2,-0.6,1.2,-0.6
-1.17127,-1.36022,1.04361,-0.474482
-0.625383,-1.79699,0.874992,-0.179738
1.18715,-3.50885,0.519721,0.287393
2.92414,-5.29107,0.377764,0.688214
3.21207,-5.53713,0.0104323,0.784575
3.5,-5.78319,0.9,-0.8
-2,-0.6,1.2,-0.6
1.13609,-3.44843,0.599067,0.547352
1.56462,-3.99138,0.098303,1.48003
1.90298,-4.03097,-0.31516,2.15374
2.00704,-4.16695,-0.101867,1.62804
3.09847,-5.40654,0.903914,-0.809485
3.5,-5.78319,0.9,-0.8
-2,-0.6,1.2,-0.6
-1.08427,-1.35232,1.89687,-0.87801
-0.410114,-2.269,2.47551,-1.07121
2.08329,-4.49272,2.12077,-1.12536
2.92414,-5.29107,1.29844,-0.905672
3.1647,-5.5067,1.07272,-0.84571
3.5,-5.78319,0.9,-0.8
-2,-0.6,1.2,-0.6
-0.760388,-1.99822,0.637191,0.0931019
0.479224,-3.39644,0.286046,0.641682
1.54268,-4.50319,0.102992,0.871964
2.31256,-5.12417,-0.0821432,0.815964
2.90628,-5.45368,0.0101435,0.852475
3.5,-5.78319,0.9,-0.8
-2,-0.6,1.2,-0.6
-2.70129,0.430032,0.97786,0.337002
-3.05808,0.872261,0.0510564,0.9057
-3.3918,1.25521,-0.0100242,0.844099
-3.47508,1.27615,0.19845,0.646196
-3.19378,0.917193,0.717626,-0.725762
-2.78319,0.5,0.9,-0.8
-2,-0.6,1.2,-0.6
-0.667002,-1.31478,1.61258,-0.917675
0.665995,-2.02957,1.69478,-1.01221
1.7719,-2.82567,1.55352,-0.995104
2.49933,-3.7573,0.981866,-0.821526
2.99966,-4.77024,0.940933,-0.810763
3.5,-5.78319,0.9,-0.8
-2,-0.6,1.2,-0.6
-0.281134,-2.52331,0.676625,-0.0532206
1.43773,-4.44662,0.286046,0.641682
2.71903,-5.79205,-0.00261747,0.851636
3.27107,-6.17435,-0.0821432,0.815964
3.38553,-5.97877,0.0815533,0.799828
3.5,-5.78319,0.9,-0.8
-2,-0.6,1.2,-0.6
-2.13007,-0.171299,1.59926,-0.916137
-2.49093,-0.076092,1.69687,-1.01134
-3.52612,0.482551,1.6309,-1.02218
-3.28458,0.490153,1.44668,-0.922131
-3.18089,0.552575,1.02353,-0.815365
-2.78319,0.5,0.9,-0.8
-2,-0.6,1.2,-0.6
-2.1813,-0.40377,1.76933,-0.909243
-3.16334,0.295967,2.12077,-1.12536
-3.4539,0.568183,1.78126,-1.0521
-3.76512,0.707725,1.07272,-0.84571
-3.37986,0.657719,0.983051,-0.821964
-2.78319,0.5,0.9,-0.8
-2,-0.6,1.2,-0.6
-1.97451,-0.610554,0.676625,-0.0532206
-3.68054,0.757995,0.286046,0.641682
-3.43117,0.661605,-0.00261747,0.851636
-3.34979,0.592549,-0.0821432,0.815964
-3.12786,0.377772,0.0815533,0.799828
-2.78319,0.5,0.9,-0.8
-2,-0.6,1.2,-0.6
-3.93216,1.17997,1.02715,-0.315713
-4.39933,1.68715,0.840047,0.00113041
-4.22655,1.56027,0.681442,0.252861
-3.77243,1.20763,0.67174,-0.14529
-3.16797,0.694558,0.802147,-0.465713
-2.78319,0.5,0.9,-0.8
-2,-0.6,1.2,-0.6
-1.12247,-1.45353,1.72798,-0.896904
-0.244947,-2.30706,2.12077,-1.12536
2.07805,-1.6191,1.96008,-1.10309
3.50338,-1.98636,1.01711,-0.831001
3.91138,-1.25244,1.09513,-0.839654
3.5,0.5,0.9,-0.8
-2,-0.6,1.2,-0.6
-1.27359,-1.8192,0.96349,-0.0575377
-0.0984591,-3.15852,0.453401,1.66127
-0.355434,-3.76846,0.262166,2.62199
0.576266,-5.00013,0.455285,2.92884
1.4779,-5.49619,0.752394,4.32128
3.5,-5.78319,0.9,5.48319
-2,-0.6,1.2,-0.6
-1.12247,-1.45353,1.0048,0.0890884
-0.188899,-2.32444,0.597702,1.10735
1.58839,-1.9404,0.250279,2.28576
2.54419,-0.720199,0.321266,3.33156
3.0221,-0.110099,0.532506,4.25615
3.5,0.5,0.9,5.48319
-2,-0.6,1.2,-0.6
-0.96873,1.04896,0.974541,0.145572
0.0625401,2.69792,0.526702,0.974634
1.0313,3.54744,0.123761,1.92404
1.89587,3.06458,0.0495322,2.47636
2.69794,1.78229,0.169652,3.45127
3.5,0.5,0.9,5.48319
-2,-0.6,1.2,-0.6
0.12797,-1.03556,0.83246,0.440188
0.881406,-1.63308,0.733568,0.609189
2.07805,-1.6191,0.455285,2.92884
3.50338,-1.98636,0.597488,3.22644
3.89255,-1.05876,0.877052,4.68856
3.5,0.5,0.9,5.48319
-2,-0.6,1.2,-0.6
0.12797,-1.03556,0.61821,0.7411
0.881406,-1.63308,0.0364191,2.0822
2.07805,-1.6191,-0.255304,3.24481
3.50338,-1.98636,-0.0635809,4.10993
3.89255,-1.05876,0.41821,4.79656
3.5,0.5,0.9,5.48319
-2,-0.6,1.2,-0.6
0.12797,-1.03556,2.09285,-2.02815
0.881406,-1.63308,2.9857,-3.45631
2.07805,-1.6191,3.36427,-4.12365
3.50338,-1.98636,2.8857,-3.52297
3.89255,-1.05876,1.89285,-2.16149
3.5,0.5,0.9,-0.8
-2,-0.6,1.2,-0.6
-0.719664,0.545593,2.07856,-2.20002
0.560671,1.69119,2.95712,-3.80004
1.64264,2.31191,3.32919,-4.54551
2.394,2.05785,2.85712,-3.86671
2.947,1.27893,1.87856,-2.33335
3.5,0.5,0.9,-0.8
-2,-0.6,1.2,-0.6
-0.515586,0.816337,0.974541,0.145572
0.968828,2.23267,0.681713,0.867544
2.14356,2.97646,-0.375524,2.14629
2.80216,2.59934,-0.614852,2.83902
3.1122,1.45693,0.144102,4.79994
3.5,0.5,0.9,5.48319
-2,-0.6,1.2,-0.6
-0.75894,0.314456,0.762585,1.5744
0.482119,1.22891,0.325171,3.74881
1.53609,1.83207,0.0990735,5.29019
2.35291,1.38918,0.225171,5.77654
2.93025,0.896636,0.562585,5.62986
3.5,0.5,0.9,5.48319
-2,-0.6,1.2,-0.6
-0.75894,0.314456,0.271058,1.59516
0.482119,1.22891,-0.375524,2.14629
1.53609,1.83207,-0.716329,2.80976
2.35291,1.38918,-0.475524,4.17402
2.93025,0.896636,0.212238,4.8286
3.5,0.5,0.9,5.48319
-2,-0.6,1.2,-0.6
0.12797,-1.03556,0.637191,0.0931019
0.881406,-1.63308,0.412238,0.773144
1.58839,-1.9404,-0.375524,2.14629
2.55236,-0.833986,-0.652109,2.76164
3.06062,-0.0699236,-0.475524,4.17402
3.5,0.5,0.9,5.48319
-2,-0.6,1.2,-0.6
-0.822667,0.213067,0.637191,0.0931019
0.354666,1.02613,0.412238,0.773144
1.38982,1.49571,-0.375524,2.14629
2.188,1.3928,-0.920483,3.37355
2.844,0.9464,0.144102,4.79994
3.5,0.5,0.9,5.48319
-2,-0.6,1.2,-0.6
-0.554582,0.283266,0.599067,0.547352
0.890837,1.16653,-0.302291,2.19805
2.04785,1.66802,-0.0460842,1.49378
2.72417,1.5332,-0.201938,2.56179
3.11209,1.0166,0.212238,4.8286
3.5,0.5,0.9,5.48319
-2,-0.6,1.2,-0.6
-0.428094,-0.799712,-0.789315,1.06349
1.14381,-0.999424,-2.77863,2.72698
2.35832,-0.990202,-4.28134,4.03613
2.97715,-0.632757,-4.97303,4.75471
3.23857,-0.0663787,-5.17811,5.11895
3.5,0.5,-5.38319,5.48319
-2,-0.6,1.2,-0.6
-0.862761,-0.0390141,1.63311,-0.890591
1.49511,1.00422,2.12162,-1.04482
2.17896,1.75368,1.89687,-0.87801
2.59931,1.16726,2.6487,-1.27905
3.22647,0.669542,4.67508,-2.22976
3.5,0.5,0.9,-0.8
-2,-0.6,1.2,-0.6
-0.558408,-0.610873,3.03413,-2.88347
0.883184,-0.621747,4.86826,-5.16693
2.03845,-0.526689,5.67469,-6.22305
2.71652,-0.25508,4.76826,-5.2336
3.10826,0.12246,2.83413,-3.0168
3.5,0.5,0.9,-0.8
-2,-0.6,1.2,-0.6
-0.930595,-0.212098,1.26943,-0.653093
0.138811,0.175804,1.36577,-0.62916
1.1249,0.452124,1.82994,-1.07183
1.97214,0.542471,1.72556,-1.26401
2.73607,0.521236,1.38225,-1.09682
3.5,0.5,0.9,-0.8
-2,-0.6,1.2,-0.6
-3.4549,0.966627,-0.716051,0.602115
-4.9098,2.53325,-2.6321,1.80423
-5.64231,3.34536,-4.10151,2.90366
-5.17086,2.89992,-4.8265,3.83196
-3.97702,1.69996,-5.10484,4.65757
-2.78319,0.5,-5.38319,5.48319
-2,-0.6,1.2,-0.6
-3.50522,0.911579,0.00223742,0.254036
-5.01043,2.42316,-1.19553,1.10807
-5.76582,3.21024,-1.76724,1.47809
-5.27149,2.78983,-1.29553,1.04141
-4.02734,1.64491,-0.197763,0.120703
-2.78319,0.5,0.9,-0.8
-2,-0.6,1.2,-0.6
-1.14593,1.74217,0.538619,0.0613207
-0.291853,4.08434,-0.122762,0.722641
0.596363,5.24896,-0.450663,1.00506
1.54148,4.45101,-0.222762,0.655975
2.52074,2.4755,0.338619,-0.0720127
3.5,0.5,0.9,-0.8
-2,-0.6,1.2,-0.6
-0.170226,-1.73283,2.98876,-2.6646
1.63971,-2.81765,4.77751,-4.72919
2.99126,-3.85178,5.56331,-5.68583
3.49288,-4.59339,4.67751,-4.79586
3.12421,-5.48757,2.78876,-2.79793
3.5,-5.78319,0.9,-0.8
-2,-0.6,1.2,-0.6
-0.713839,1.27552,1.53415,-0.535678
0.572322,3.15104,1.8683,-0.471356
1.65694,4.10355,1.99291,-0.460301
2.40566,3.51771,1.7683,-0.538023
2.95283,2.00886,1.33415,-0.669011
3.5,0.5,0.9,-0.8
-2,-0.6,1.2,-0.6
-1.10637,-1.42135,2.5166,-1.66476
-0.21273,-2.24271,3.83321,-2.72951
0.122269,-2.51605,4.40439,-3.23168
-0.473792,-1.87604,3.73321,-2.79618
-1.62849,-0.68802,2.3166,-1.79809
-2.78319,0.5,0.9,-0.8
-2,-0.6,1.2,-0.6
-3.0187,-0.236216,-1.23925,-0.0266993
-4.03739,0.127568,-3.67849,0.546601
-4.57163,0.392924,-5.38571,0.789011
-4.29845,0.494234,-5.87289,0.479935
-3.54082,0.497117,-5.62804,-0.160033
-2.78319,0.5,-5.38319,-0.8
-2,-0.6,1.2,-0.6
-1.07315,-1.97935,-1.06781,-0.215177
-0.146302,-3.35869,-3.33562,0.169647
0.203795,-4.45686,-4.96492,0.326385
-0.407364,-5.08642,-5.53002,0.10298
-1.59527,-5.4348,-5.4566,-0.34851
-2.78319,-5.78319,-5.38319,-0.8
-2,-0.6,1.2,-0.6
-2.9807,0.693166,-0.63587,-0.923131
-3.96141,1.98633,-2.47174,-1.24626
-4.47838,2.67413,-3.9047,-1.41132
-4.22247,2.353,-4.66614,-1.31293
-3.50283,1.4265,-5.02466,-1.05646
-2.78319,0.5,-5.38319,-0.8
-2,-0.6,1.2,-0.6
-2.5651,-0.483981,0.342956,-0.192931
-3.1302,-0.367962,-0.514087,0.214137
-3.45826,-0.215226,-0.930925,0.380987
-3.39126,-0.00129486,-0.614087,0.147471
-3.08722,0.249353,0.142956,-0.326265
-2.78319,0.5,0.9,-0.8
-2,-0.6,1.2,-0.6
-2.8608,-1.7274,-0.145131,0.892368
-3.7216,-2.8548,-1.49026,2.38474
-4.18407,-3.83845,-2.12896,3.6161
-3.98266,-4.58253,-1.59026,4.41246
-3.38292,-5.18286,-0.345131,4.94782
-2.78319,-5.78319,0.9,5.48319
-2,-0.6,1.2,-0.6
-1.43927,-1.54963,-0.101795,-2.11114
-0.878549,-2.49926,-1.40359,-3.62228
-0.694872,-3.4021,-2.59379,-4.32734
-1.13961,-4.22698,-3.59798,-3.68894
-1.9614,-5.00508,-4.49058,-2.24447
-2.78319,-5.78319,-5.38319,-0.8
-2,-0.6,1.2,-0.6
-1.18631,-2.02881,1.63116,-0.572421
-0.372628,-3.45761,2.06232,-0.544842
-0.0739689,-4.57827,2.23102,-0.550488
-0.633689,-5.18534,1.96232,-0.611509
-1.70844,-5.48426,1.43116,-0.705754
-2.78319,-5.78319,0.9,-0.8
-2,-0.6,1.2,-0.6
-1.31831,-0.0473145,-0.48263,-1.02617
-0.636614,0.505371,-2.16526,-1.45234
-0.397952,0.856592,-3.52856,-1.66423
-0.897676,0.872038,-4.35965,-1.519
-1.84043,0.686019,-4.87142,-1.1595
-2.78319,0.5,-5.38319,-0.8
-2,-0.6,1.2,-0.6
-2.61373,-0.60576,-0.0990686,-2.02177
-3.22747,-0.611521,-1.39814,-3.44353
-3.57763,-0.514139,-2.0159,-4.10797
-3.48853,-0.244854,-1.49814,-3.5102
-3.13586,0.127573,-0.299069,-2.1551
-2.78319,0.5,0.9,-0.8
-2,-0.6,1.2,-0.6
-1.18116,-2.29881,-0.0254984,-0.851785
-0.362314,-3.99761,-1.251,-1.10357
-0.0613113,-5.24099,-1.83531,-1.2362
-0.623376,-5.72534,-1.351,-1.17024
-1.70328,-5.75426,-0.225498,-0.985118
-2.78319,-5.78319,0.9,-0.8
-2,-0.6,1.2,-0.6
-2.15545,-1.1192,1.5219,-2.87255
-2.3109,-1.6384,1.84379,-5.14509
-2.45276,-1.7744,1.96284,-6.19625
-2.57196,-1.27173,1.74379,-5.21176
-2.67757,-0.385865,1.3219,-3.00588
-2.78319,0.5,0.9,-0.8
-2,-0.6,1.2,-0.6
-3.13299,-2.32894,-0.154745,-0.699765
-4.26599,-4.05789,-1.50949,-0.79953
-4.85219,-5.31497,-2.15256,-0.863059
-4.52705,-5.78562,-1.60949,-0.866197
-3.65512,-5.7844,-0.354745,-0.833098
-2.78319,-5.78319,0.9,-0.8
-2,-0.6,1.2,-0.6
-1.67917,-1.77986,2.47111,-1.46322
-1.35833,-2.95972,3.74221,-2.32644
-1.2837,-3.96722,4.29272,-2.73699
-1.61939,-4.68745,3.64221,-2.3931
-2.20129,-5.23532,2.27111,-1.59655
-2.78319,-5.78319,0.9,-0.8
-2,-0.6,1.2,-0.6
-2.84135,-1.05321,3.12981,-2.13749
-3.6827,-1.50642,5.05962,-3.67498
-4.13633,-1.61242,5.90953,-4.39203
-3.94376,-1.13975,4.95962,-3.74165
-3.36347,-0.319876,2.92981,-2.27083
-2.78319,0.5,0.9,-0.8
-2,-0.6,1.2,-0.6
-2.60523,1.83826,-0.300084,1.10898
-3.21046,4.27652,-1.80017,2.81797
-3.55676,5.48482,-3.0805,4.1478
-3.47152,4.64319,-3.99456,4.8457
-3.12735,2.57159,-4.68887,5.16444
-2.78319,0.5,-5.38319,5.48319
-2,-0.6,1.2,-0.6
-1.7142,-0.0966468,2.3388,-1.14322
-1.42841,0.406706,3.47759,-1.68643
-1.3697,0.735503,3.96795,-1.95153
-1.68947,0.773373,3.37759,-1.7531
-2.23633,0.636687,2.1388,-1.27655
-2.78319,0.5,0.9,-0.8
-2,-0.6,1.2,-0.6
-1.86262,-1.25163,0.976207,-1.53063
-1.72524,-1.90326,0.752415,-2.46126
-1.73399,-2.67065,0.623418,-2.90246
-1.9863,-3.63098,0.652415,-2.52793
-2.38474,-4.70708,0.776207,-1.66396
-2.78319,-5.78319,0.9,-0.8
-2,-0.6,1.2,-0.6
-2.10394,0.320134,0.917806,-2.02554
-2.20788,1.24027,0.635611,-3.45108
-2.32633,1.75851,0.480068,-4.11724
-2.46894,1.60693,0.535611,-3.51775
-2.62606,1.05347,0.717806,-2.15888
-2.78319,0.5,0.9,-0.8
-2,-0.6,1.2,-0.6
-1.86006,-1.33327,-0.347781,-2.6575
-1.72011,-2.06655,-1.89556,-4.715
-1.7277,-2.87105,-3.19757,-5.66841
-1.98118,-3.79427,-4.08996,-4.78167
-2.38218,-4.78873,-4.73657,-2.79083
-2.78319,-5.78319,-5.38319,-0.8
-2,-0.6,1.2,-0.6
0.720799,-2.12516,2.40767,-0.520509
3.4416,-3.65031,3.61534,-0.441019
5.17833,-4.81476,4.13701,-0.423068
5.27493,-5.37804,3.51534,-0.507685
4.38747,-5.58061,2.20767,-0.653843
3.5,-5.78319,0.9,-0.8
-2,-0.6,1.2,-0.6
-1.25291,1.49193,1.18642,-2.80066
-0.50583,3.58387,1.17283,-5.00131
-0.237444,4.63475,1.13939,-6.01979
-0.766891,3.95053,1.07283,-5.06798
-1.77504,2.22527,0.986417,-2.93399
-2.78319,0.5,0.9,-0.8
-2,-0.6,1.2,-0.6
0.575701,-1.23962,0.0855245,1.11709
3.1514,-1.87924,-1.02895,2.83419
4.82217,-2.06997,-1.5628,4.1677
4.98473,-1.51257,-1.12895,4.86192
4.24237,-0.506285,-0.114475,5.17255
3.5,0.5,0.9,5.48319
-2,-0.6,1.2,-0.6
-0.414465,1.87504,1.59479,1.46341
1.17107,4.35008,1.98958,3.52682
2.39177,5.57509,2.14176,5.01775
3.0044,4.71674,1.88958,5.55455
3.2522,2.60837,1.39479,5.51887
3.5,0.5,0.9,5.48319
-2,-0.6,1.2,-0.6
0.276412,1.55756,0.803096,-2.60506
2.55282,3.71512,0.406193,-4.61013
4.08756,4.79583,0.198509,-5.5397
4.38616,4.08179,0.306193,-4.6768
3.94308,2.29089,0.603096,-2.7384
3.5,0.5,0.9,-0.8
-2,-0.6,1.2,-0.6
0.9155,0.745148,-0.865158,-0.322065
3.831,2.0903,-2.93032,-0.044131
5.65623,2.80173,-4.4675,0.064021
5.66433,2.45696,-5.12471,-0.110798
4.58217,1.47848,-5.25395,-0.455399
3.5,0.5,-5.38319,-0.8
-2,-0.6,1.2,-0.6
-0.301069,1.35487,2.31299,1.46666
1.39786,3.30974,3.42597,3.53332
2.6701,4.29831,3.9046,5.02572
3.2312,3.6764,3.32597,5.56105
3.3656,2.0882,2.11299,5.52212
3.5,0.5,0.9,5.48319
-2,-0.6,1.2,-0.6
-0.015091,1.67427,-0.155194,-2.69989
1.96982,3.94855,-1.51039,-4.79979
3.37205,5.08231,-2.72486,-5.77247
3.80315,4.31522,-3.70478,-4.86645
3.65158,2.40761,-4.54398,-2.83323
3.5,0.5,-5.38319,-0.8
-2,-0.6,1.2,-0.6
0.623074,-0.850853,-0.0367196,1.30475
3.24615,-1.10171,-1.27344,3.2095
4.93846,-1.11573,-1.86286,4.62832
5.07948,-0.735039,-1.37344,5.23723
4.28974,-0.117519,-0.23672,5.36021
3.5,0.5,0.9,5.48319
-2,-0.6,1.2,-0.6
0.391663,-1.08647,2.17698,1.25255
2.78333,-1.57294,3.15395,3.1051
4.37045,-1.69407,3.57076,4.50018
4.61666,-1.20628,3.05395,5.13283
4.05833,-0.353138,1.97698,5.30801
3.5,0.5,0.9,5.48319
-2,-0.6,1.2,-0.6
-2.25219,-0.0543847,-0.696825,-0.523147
-2.50439,0.491231,-2.59365,-0.446295
-2.69022,0.839238,-4.05431,-0.429544
-2.76545,0.857897,-4.78804,-0.512962
-2.77432,0.678949,-5.08561,-0.656481
-2.78319,0.5,-5.38319,-0.8
-2,-0.6,1.2,-0.6
0.899432,1.89222,0.174906,-2.81573
3.79886,4.38444,-0.850188,-5.03146
5.61679,5.61727,-1.34341,-6.05679
5.6322,4.75111,-0.950188,-5.09813
4.5661,2.62556,-0.0250939,-2.94906
3.5,0.5,0.9,-0.8
-2,-0.6,1.2,-0.6
-0.0514363,-0.257314,3.01326,0.413445
1.89713,0.0853718,4.82652,1.42689
3.28284,0.341138,5.62346,2.44056
3.73046,0.452038,4.72652,3.45462
3.61523,0.476019,2.81326,4.4689
3.5,0.5,0.9,5.48319
-2,-0.6,1.2,-0.6
-2.46456,-1.73048,-0.230742,-0.64702
-2.92911,-2.86096,-1.66148,-0.694041
-3.21148,-3.84601,-2.91029,-0.733595
-3.19018,-4.58869,-3.85588,-0.760707
-2.98668,-5.18594,-4.61953,-0.780354
-2.78319,-5.78319,-5.38319,-0.8
